Date,Open,High,Low,Close,Volume
2017-12-12,1153.5,1157.5,1140.0,1142.5,58400
2017-12-13,1141.5,1148.5,1137.5,1140.5,29000
2017-12-14,1142.0,1147.0,1140.0,1140.0,22400
2017-12-15,1142.0,1145.5,1140.0,1145.0,11000
2017-12-18,1141.0,1141.0,1141.0,1141.0,28600
2017-12-19,1144.0,1145.0,1140.0,1142.5,17000
2017-12-20,1133.0,1133.0,1133.0,1133.0,23600
2017-12-21,1130.0,1130.0,1105.0,1115.0,38200
2017-12-22,1114.5,1120.0,1100.0,1111.0,28200
2017-12-25,1112.0,1112.5,1102.5,1103.5,40400
2017-12-26,1104.5,1110.0,1100.0,1109.5,52600
2017-12-27,1120.0,1134.5,1116.5,1134.5,18200
2017-12-28,1131.0,1135.0,1130.0,1130.0,13400
2017-12-29,1135.0,1141.5,1133.5,1135.0,11800
2018-01-01,1135.0,1135.0,1135.0,1135.0,0
2018-01-02,1135.0,1135.0,1135.0,1135.0,0
2018-01-03,1135.0,1135.0,1135.0,1135.0,0
2018-01-04,1147.0,1152.5,1130.0,1139.0,30000
2018-01-05,1140.0,1142.5,1130.0,1135.0,30000
2018-01-08,1135.0,1135.0,1135.0,1135.0,0
2018-01-09,1147.5,1152.5,1136.0,1142.0,32600
2018-01-10,1150.0,1152.0,1142.0,1148.5,26600
2018-01-11,1148.5,1148.5,1144.0,1145.0,13400
2018-01-12,1147.0,1148.5,1144.5,1148.0,22400
2018-01-15,1152.5,1162.0,1150.0,1152.5,41800
2018-01-16,1153.0,1155.0,1145.5,1148.0,34200
2018-01-17,1148.0,1152.0,1146.5,1147.5,14600
2018-01-18,1150.0,1152.5,1146.0,1147.5,23200
2018-01-19,1149.5,1150.0,1145.0,1150.0,11800
2018-01-22,1150.0,1150.0,1145.5,1149.0,24000
2018-01-23,1150.0,1151.5,1146.5,1150.0,31600
2018-01-24,1147.5,1151.5,1145.5,1150.0,37600
2018-01-25,1149.5,1159.5,1147.0,1154.5,35600
2018-01-26,1155.0,1155.5,1151.0,1154.5,15000
2018-01-29,1160.0,1160.0,1155.0,1155.0,19200
2018-01-30,1154.5,1157.5,1147.5,1152.5,33200
2018-01-31,1145.5,1152.0,1143.0,1151.5,22600
2018-02-01,1152.5,1158.5,1150.0,1157.5,27600
2018-02-02,1158.5,1160.0,1145.5,1154.5,33400
2018-02-05,1145.0,1148.5,1127.5,1147.5,39400
2018-02-06,1097.5,1107.0,1075.0,1096.5,87200
2018-02-07,1144.0,1144.0,1102.5,1121.0,37200
2018-02-08,1117.5,1139.5,1110.5,1139.5,19400
2018-02-09,1155.0,1183.5,1150.5,1181.0,197800
2018-02-12,1181.0,1181.0,1181.0,1181.0,0
2018-02-13,1205.0,1220.0,1183.5,1189.0,91400
2018-02-14,1190.0,1190.0,1150.0,1152.5,58800
2018-02-15,1164.5,1174.5,1155.0,1160.0,26400
2018-02-16,1175.0,1175.0,1160.0,1170.0,24600
2018-02-19,1188.5,1193.5,1172.5,1187.5,43600
2018-02-20,1180.0,1189.5,1166.0,1170.0,21400
2018-02-21,1171.0,1180.0,1168.5,1172.5,20000
2018-02-22,1175.5,1175.5,1166.5,1166.5,15400
2018-02-23,1175.0,1186.0,1171.0,1181.5,20400
2018-02-26,1193.5,1193.5,1182.5,1183.5,30200
2018-02-27,1190.5,1196.5,1177.5,1180.0,38000
2018-02-28,1185.0,1209.5,1185.0,1209.5,54400
2018-03-01,1205.0,1208.0,1193.0,1201.5,19600
2018-03-02,1181.0,1201.5,1181.0,1197.0,24000
2018-03-05,1197.0,1199.5,1168.0,1172.0,31600
2018-03-06,1189.5,1194.0,1170.0,1189.5,18200
2018-03-07,1190.0,1190.0,1172.0,1179.5,19600
2018-03-08,1179.0,1185.0,1170.5,1170.5,39000
2018-03-09,1181.5,1184.5,1171.0,1180.5,12600
2018-03-12,1197.5,1201.0,1190.0,1201.0,20400
2018-03-13,1200.0,1209.0,1192.5,1208.0,26800
2018-03-14,1208.0,1208.0,1180.5,1185.5,19600
2018-03-15,1182.5,1194.5,1182.0,1185.5,18600
2018-03-16,1190.0,1201.5,1189.0,1199.0,14600
2018-03-19,1195.0,1195.0,1176.5,1176.5,28000
2018-03-20,1162.5,1187.5,1160.0,1187.5,20800
2018-03-21,1187.5,1187.5,1187.5,1187.5,0
2018-03-22,1190.0,1202.5,1185.0,1202.5,21600
2018-03-23,1175.0,1187.5,1169.0,1183.0,28600
2018-03-26,1169.0,1179.5,1168.5,1179.5,19800
2018-03-27,1192.0,1209.5,1191.0,1206.5,36800
2018-03-28,1189.5,1194.5,1181.0,1183.0,14600
2018-03-29,1187.0,1189.0,1165.0,1169.5,13600
2018-03-30,1182.5,1188.5,1170.0,1182.0,11600
2018-04-02,1182.5,1182.5,1169.5,1171.5,25000
2018-04-03,1169.0,1175.0,1165.0,1167.0,7600
2018-04-04,1170.0,1177.5,1168.5,1174.0,17200
2018-04-05,1175.0,1180.0,1170.5,1171.0,11600
2018-04-06,1175.0,1175.0,1160.5,1161.5,21400
2018-04-09,1160.0,1170.0,1156.0,1170.0,18000
2018-04-10,1169.5,1169.5,1160.0,1160.5,4000
2018-04-11,1162.0,1166.5,1161.0,1164.5,13000
2018-04-12,1164.0,1166.0,1160.0,1161.0,5800
2018-04-13,1163.5,1167.0,1159.5,1159.5,7200
2018-04-16,1157.5,1162.5,1145.0,1150.0,24600
2018-04-17,1144.5,1144.5,1107.0,1120.0,51200
2018-04-18,1122.5,1149.5,1122.5,1144.0,16600
2018-04-19,1143.5,1144.0,1124.0,1128.0,12800
2018-04-20,1128.5,1145.0,1128.5,1135.5,16600
2018-04-23,1140.5,1158.5,1140.5,1153.5,11400
2018-04-24,1163.5,1163.5,1147.5,1147.5,7600
2018-04-25,1148.0,1164.0,1148.0,1161.5,13000
2018-04-26,1155.0,1162.5,1154.5,1160.5,8200
2018-04-27,1162.5,1162.5,1151.5,1152.0,4000
2018-04-30,1152.0,1152.0,1152.0,1152.0,0
2018-05-01,1151.5,1161.0,1150.5,1155.0,17800
2018-05-02,1157.5,1161.5,1157.0,1161.5,6800
2018-05-03,1161.5,1161.5,1161.5,1161.5,0
2018-05-04,1161.5,1161.5,1161.5,1161.5,0
2018-05-07,1161.5,1165.0,1150.5,1154.5,26200
2018-05-08,1154.5,1154.5,1147.5,1150.0,16600
2018-05-09,1150.5,1150.5,1144.0,1150.0,12600
2018-05-10,1154.0,1157.5,1147.0,1157.5,17400
2018-05-11,1150.5,1154.5,1136.0,1150.0,77400
2018-05-14,1152.0,1172.0,1150.0,1171.5,21400
2018-05-15,1163.5,1165.0,1150.0,1165.0,12800
2018-05-16,1165.0,1169.5,1151.0,1160.0,13000
2018-05-17,1166.5,1166.5,1155.5,1160.5,14800
2018-05-18,1160.5,1160.5,1156.0,1156.0,7800
2018-05-21,1179.5,1196.5,1175.5,1194.0,51400
2018-05-22,1200.0,1205.0,1184.0,1195.0,43200
2018-05-23,1195.5,1195.5,1186.0,1193.5,12000
2018-05-24,1194.0,1194.0,1178.0,1184.0,12400
2018-05-25,1184.0,1184.5,1168.5,1170.0,15200
2018-05-28,1171.5,1172.5,1166.5,1169.0,13400
2018-05-29,1163.0,1165.5,1159.0,1159.5,17800
2018-05-30,1155.0,1159.0,1147.5,1148.5,29400
2018-05-31,1148.5,1157.0,1147.0,1149.5,20000
2018-06-01,1148.5,1165.0,1148.0,1158.0,25400
2018-06-04,1159.0,1166.5,1155.5,1157.0,14000
2018-06-05,1166.5,1166.5,1151.5,1155.5,6600
2018-06-06,1155.5,1157.0,1152.5,1155.5,12600
2018-06-07,1161.5,1165.0,1156.0,1160.5,12400
2018-06-08,1160.5,1160.5,1156.0,1156.0,8800
2018-06-11,1164.5,1165.5,1156.5,1160.0,12400
2018-06-12,1160.5,1164.5,1156.0,1156.0,6800
2018-06-13,1155.5,1161.5,1155.0,1156.0,6400
2018-06-14,1156.0,1156.5,1152.0,1154.0,11400
2018-06-15,1161.0,1170.0,1154.5,1170.0,24600
2018-06-18,1170.0,1180.0,1167.0,1169.5,14400
2018-06-19,1169.5,1170.0,1154.0,1154.0,15200
2018-06-20,1154.0,1158.0,1151.5,1155.0,12200
2018-06-21,1157.0,1160.0,1153.5,1157.0,4200
2018-06-22,1158.5,1159.5,1154.5,1155.5,5400
2018-06-25,1162.5,1162.5,1154.5,1154.5,18200
2018-06-26,1151.0,1153.5,1144.0,1151.0,38000
2018-06-27,1148.0,1157.0,1148.0,1149.5,9000
2018-06-28,1149.5,1149.5,1142.5,1145.0,13400
2018-06-29,1145.0,1148.5,1144.5,1145.5,4600
2018-07-02,1146.5,1155.0,1130.0,1141.0,39200
2018-07-03,1140.5,1140.5,1118.5,1125.0,28000
2018-07-04,1125.0,1125.0,1112.5,1116.0,20400
2018-07-05,1112.5,1122.5,1105.0,1107.5,31800
2018-07-06,1132.0,1143.5,1111.5,1134.0,13600
2018-07-09,1159.0,1159.0,1139.5,1149.0,28200
2018-07-10,1153.5,1155.0,1143.0,1143.5,7800
2018-07-11,1144.5,1144.5,1131.0,1139.5,7400
2018-07-12,1134.0,1142.0,1134.0,1138.5,4000
2018-07-13,1138.5,1141.5,1134.0,1141.0,5400
2018-07-16,1141.0,1141.0,1141.0,1141.0,0
2018-07-17,1141.0,1147.5,1139.0,1139.0,5800
2018-07-18,1140.0,1144.5,1131.5,1135.0,8400
2018-07-19,1131.0,1135.0,1129.0,1129.5,7200
2018-07-20,1129.5,1133.0,1122.5,1122.5,13600
2018-07-23,1122.0,1122.0,1111.0,1115.5,19200
2018-07-24,1112.0,1124.0,1112.0,1119.0,11000
2018-07-25,1119.0,1119.5,1115.0,1117.0,10000
2018-07-26,1118.0,1127.5,1115.5,1125.0,12400
2018-07-27,1128.0,1128.0,1119.0,1119.0,5800
2018-07-30,1120.0,1125.0,1119.5,1120.5,6600
2018-07-31,1120.5,1120.5,1114.5,1115.0,4600
2018-08-01,1120.0,1120.0,1102.5,1110.0,33200
2018-08-02,1110.0,1117.5,1107.0,1111.5,21800
2018-08-03,1111.5,1115.0,1109.0,1109.5,22400
2018-08-06,1111.5,1127.5,1111.5,1125.0,12400
2018-08-07,1127.5,1135.0,1115.5,1127.0,17400
2018-08-08,1157.5,1164.0,1143.5,1155.0,82000
2018-08-09,1149.0,1157.5,1144.5,1152.0,28400
2018-08-10,1152.0,1162.5,1145.0,1161.0,33400
2018-08-13,1163.0,1163.0,1147.0,1157.5,13000
2018-08-14,1162.5,1174.0,1156.0,1173.5,26600
2018-08-15,1176.5,1198.0,1176.0,1190.5,47200
2018-08-16,1176.0,1190.5,1167.5,1179.0,20400
2018-08-17,1172.5,1190.0,1172.5,1181.0,6800
2018-08-20,1175.5,1180.0,1170.0,1177.0,12400
2018-08-21,1171.0,1177.0,1151.0,1176.5,23200
2018-08-22,1176.5,1176.5,1168.0,1172.5,4800
2018-08-23,1170.0,1194.0,1168.0,1193.0,22000
2018-08-24,1194.0,1196.0,1184.0,1194.5,10200
2018-08-27,1194.5,1195.0,1180.0,1185.0,11200
2018-08-28,1190.0,1194.5,1183.5,1186.5,11400
2018-08-29,1192.0,1201.5,1192.0,1201.5,27800
2018-08-30,1199.0,1219.5,1199.0,1210.5,26000
2018-08-31,1210.0,1214.5,1202.5,1208.5,17400
2018-09-03,1215.0,1215.0,1199.5,1200.0,11600
2018-09-04,1205.5,1213.5,1205.5,1212.0,19000
2018-09-05,1213.5,1244.0,1213.5,1237.5,85600
2018-09-06,1244.0,1244.0,1213.5,1215.5,29800
2018-09-07,1213.0,1220.0,1185.0,1220.0,39400
2018-09-10,1208.0,1227.5,1208.0,1224.5,21000
2018-09-11,1224.5,1224.5,1218.5,1224.0,6200
2018-09-12,1212.0,1225.0,1193.0,1199.5,31800
2018-09-13,1200.5,1210.0,1200.5,1202.0,8600
2018-09-14,1203.5,1233.0,1203.5,1231.5,13000
2018-09-17,1231.5,1231.5,1231.5,1231.5,0
2018-09-18,1245.0,1272.5,1240.0,1266.0,40400
2018-09-19,1280.0,1289.5,1256.0,1268.0,22400
2018-09-20,1257.5,1267.5,1257.0,1261.5,17000
2018-09-21,1265.5,1284.5,1265.5,1283.5,15400
2018-09-24,1283.5,1283.5,1283.5,1283.5,0
2018-09-25,1275.0,1300.0,1275.0,1293.5,28400
2018-09-26,1311.0,1315.5,1301.5,1307.0,15400
2018-09-27,1310.5,1313.0,1285.0,1300.0,29800
2018-09-28,1315.0,1341.0,1313.0,1341.0,48200
2018-10-01,1350.0,1359.0,1343.5,1348.5,43400
2018-10-02,1349.0,1355.5,1345.0,1351.0,20200
2018-10-03,1352.0,1359.0,1346.5,1351.0,28400
2018-10-04,1360.0,1385.5,1358.5,1381.0,32200
2018-10-05,1375.0,1396.5,1361.0,1383.0,42200
2018-10-08,1383.0,1383.0,1383.0,1383.0,0
2018-10-09,1378.5,1403.0,1368.0,1400.5,40400
2018-10-10,1400.5,1424.0,1392.5,1420.0,38200
2018-10-11,1363.0,1394.5,1351.5,1382.0,76200
2018-10-12,1370.5,1397.5,1370.5,1386.5,35000
2018-10-15,1387.5,1393.5,1376.5,1382.5,18200
2018-10-16,1380.0,1410.0,1378.0,1394.0,20200
2018-10-17,1409.5,1416.5,1405.5,1416.0,19000
2018-10-18,1423.5,1439.0,1400.0,1420.0,29600
2018-10-19,1405.0,1419.5,1401.0,1419.5,19400
2018-10-22,1421.5,1441.5,1416.5,1427.5,74600
2018-10-23,1430.0,1436.0,1409.5,1414.0,42400
2018-10-24,1433.5,1433.5,1402.5,1402.5,25000
2018-10-25,1365.5,1369.5,1350.0,1351.0,78800
2018-10-26,1362.0,1369.5,1250.0,1303.5,105400
2018-10-29,1290.5,1319.5,1240.5,1255.5,107800
2018-10-30,1230.5,1290.0,1227.5,1287.5,53400
2018-10-31,1312.5,1330.0,1305.0,1320.5,29800
2018-11-01,1308.0,1321.5,1297.5,1307.0,13200
2018-11-02,1315.0,1359.0,1315.0,1355.0,21200
2018-11-05,1350.0,1359.0,1345.5,1348.0,14600
2018-11-06,1340.0,1342.5,1319.0,1332.5,22400
2018-11-07,1322.5,1350.0,1322.5,1341.5,15800
2018-11-08,1350.0,1366.5,1344.0,1355.0,26000
2018-11-09,1356.0,1356.0,1334.5,1344.0,13600
2018-11-12,1344.0,1361.5,1335.0,1338.0,20000
2018-11-13,1300.0,1334.5,1300.0,1323.0,18000
2018-11-14,1323.5,1327.5,1291.0,1305.0,38800
2018-11-15,1288.5,1303.0,1266.0,1284.5,58800
2018-11-16,1275.5,1295.0,1263.0,1270.0,32600
2018-11-19,1254.0,1279.5,1254.0,1279.5,18000
2018-11-20,1277.0,1288.5,1261.0,1288.5,21200
2018-11-21,1272.5,1285.0,1271.0,1280.0,18800
2018-11-22,1285.0,1286.0,1264.0,1286.0,22600
2018-11-23,1286.0,1286.0,1286.0,1286.0,0
2018-11-26,1283.5,1292.0,1276.0,1292.0,15600
2018-11-27,1300.0,1318.0,1295.0,1295.5,25400
2018-11-28,1298.5,1316.0,1297.5,1315.0,27600
2018-11-29,1324.5,1344.5,1318.0,1333.5,27600
2018-11-30,1337.0,1362.5,1336.5,1358.5,19800
2018-12-03,1361.0,1392.5,1361.0,1391.5,50600
2018-12-04,1386.5,1395.0,1352.0,1367.0,70600
2018-12-05,1350.0,1362.0,1305.5,1360.0,206200
2018-12-06,1351.0,1352.5,1311.0,1349.0,78800
2018-12-07,1346.0,1355.0,1321.0,1339.0,28600
2018-12-10,1315.0,1319.0,1282.0,1283.0,63200
2018-12-11,1293.5,1297.5,1200.0,1229.5,101600
2018-12-12,1225.5,1266.0,1206.0,1266.0,97600
2018-12-13,1273.0,1295.0,1268.5,1289.5,48200
2018-12-14,1275.0,1278.0,1244.0,1253.5,38800
2018-12-17,1228.5,1248.5,1225.0,1243.5,40600
2018-12-18,1218.5,1220.0,1185.0,1190.5,105600
2018-12-19,1183.5,1225.0,1167.5,1200.0,66800
2018-12-20,1169.5,1187.0,1127.5,1136.0,148400
2018-12-21,1118.5,1119.5,1060.0,1070.0,127200
2018-12-24,1070.0,1070.0,1070.0,1070.0,0
2018-12-25,955.0,1000.0,931.0,986.0,150600
2018-12-26,1031.0,1068.5,1012.5,1036.0,79800
2018-12-27,1102.0,1149.5,1078.0,1140.0,123400
2018-12-28,1115.0,1160.0,1105.5,1154.5,63200
2018-12-31,1154.5,1154.5,1154.5,1154.5,0
2019-01-04,1104.5,1119.0,1082.0,1090.5,53400
2019-01-07,1102.5,1122.5,1102.5,1115.0,35600
2019-01-08,1115.0,1125.0,1101.0,1121.5,38200
2019-01-09,1127.5,1146.0,1119.0,1139.0,23200
2019-01-10,1134.5,1134.5,1100.0,1116.0,23800
2019-01-11,1134.0,1170.5,1129.5,1153.0,60200
2019-01-15,1160.0,1207.0,1142.5,1190.0,62600
2019-01-16,1190.0,1207.5,1163.0,1202.5,48200
2019-01-17,1207.5,1208.5,1184.5,1197.5,40800
2019-01-18,1174.5,1206.5,1165.0,1196.5,35000
2019-01-21,1208.5,1208.5,1171.5,1203.0,20800
2019-01-22,1198.5,1198.5,1151.0,1155.0,52200
2019-01-23,1152.5,1179.0,1136.5,1140.0,41600
2019-01-24,1146.5,1146.5,1100.0,1108.5,40600
2019-01-25,1119.5,1180.0,1119.5,1160.0,50800
2019-01-28,1158.0,1193.5,1148.0,1163.5,99800
2019-01-29,1169.5,1222.0,1155.0,1197.5,127200
2019-01-30,1220.0,1314.5,1189.5,1219.0,920800
2019-01-31,1212.0,1250.0,1172.5,1180.0,219200
2019-02-01,1181.0,1181.0,1116.5,1116.5,88400
2019-02-04,1122.5,1165.5,1122.5,1150.5,38000
2019-02-05,1128.0,1149.5,1128.0,1135.5,27600
2019-02-06,1135.5,1156.0,1135.5,1147.5,35600
2019-02-07,1143.0,1144.0,1107.5,1119.5,38600
2019-02-08,1118.0,1130.5,1111.0,1115.0,25200
2019-02-12,1102.0,1150.5,1098.5,1135.0,37400
2019-02-13,1135.0,1147.5,1126.0,1136.0,20000
2019-02-14,1125.5,1128.5,1114.5,1117.5,16600
2019-02-15,1114.0,1114.0,1095.0,1111.0,17200
2019-02-18,1103.5,1127.5,1103.5,1124.5,16600
2019-02-19,1124.5,1137.0,1124.5,1132.0,12000
2019-02-20,1125.0,1129.0,1119.0,1124.0,16000
2019-02-21,1120.5,1131.0,1120.0,1130.5,20600
2019-02-22,1123.0,1129.5,1109.0,1121.0,14600
2019-02-25,1132.0,1149.0,1125.0,1148.5,19400
2019-02-26,1148.5,1150.0,1130.0,1134.0,10400
2019-02-27,1128.0,1142.5,1121.0,1131.0,13800
2019-02-28,1130.0,1130.0,1120.0,1120.0,16000
2019-03-01,1113.0,1114.0,1103.0,1104.5,19000
2019-03-04,1117.5,1117.5,1109.0,1117.5,9400
2019-03-05,1117.0,1117.5,1108.0,1116.5,10800
2019-03-06,1109.5,1118.0,1106.5,1107.0,15800
2019-03-07,1107.0,1107.0,1092.5,1099.5,21600
2019-03-08,1082.5,1085.0,1035.5,1053.5,35800
2019-03-11,1062.5,1084.5,1040.0,1058.0,13600
2019-03-12,1058.0,1074.0,1058.0,1069.0,9400
2019-03-13,1067.5,1076.0,1059.0,1059.0,4800
2019-03-14,1053.0,1054.0,1038.5,1046.5,13800
2019-03-15,1046.5,1058.0,1031.5,1031.5,21600
2019-03-18,1045.0,1045.0,1024.0,1029.0,23800
2019-03-19,1032.5,1032.5,1007.5,1027.5,23800
2019-03-20,1023.5,1035.0,1022.5,1033.0,11400
2019-03-22,1032.5,1054.5,1027.0,1054.5,15200
2019-03-25,1048.5,1049.0,1027.5,1041.5,23000
2019-03-26,1051.0,1087.0,1042.5,1086.5,50200
2019-03-27,1062.5,1082.5,1054.5,1076.0,17400
2019-03-28,1062.5,1075.0,1044.0,1067.0,9600
2019-03-29,1072.0,1078.0,1045.0,1053.5,13600
2019-04-01,1072.5,1081.0,1070.0,1075.0,18200
2019-04-02,1050.5,1071.0,1050.5,1070.0,3800
2019-04-03,1070.0,1070.0,1070.0,1070.0,0
2019-04-04,1058.5,1079.0,1058.5,1071.5,7200
2019-04-05,1066.5,1079.0,1066.5,1079.0,8600
2019-04-08,1067.0,1070.0,1042.5,1042.5,11200
2019-04-09,1037.5,1042.5,1024.0,1025.0,8600
2019-04-10,1020.0,1020.0,1007.5,1013.5,6800
2019-04-11,1002.5,1007.5,1002.5,1005.0,7400
2019-04-12,1003.0,1012.5,1002.0,1007.0,12600
2019-04-15,1018.5,1033.5,1018.5,1032.0,14800
2019-04-16,1013.0,1031.5,1013.0,1025.5,7200
2019-04-17,1030.0,1037.5,1029.0,1033.0,4600
2019-04-18,1025.0,1027.0,1008.5,1010.0,8200
2019-04-19,1008.0,1016.0,1008.0,1012.5,5800
2019-04-22,1010.0,1027.0,1008.0,1017.0,5600
2019-04-23,1014.5,1014.5,1008.0,1013.0,5600
2019-04-24,1013.0,1016.0,1005.5,1005.5,5400
2019-04-25,1000.5,1004.5,997.5,997.5,19400
2019-04-26,997.5,1009.5,996.5,1005.0,11800
2019-05-07,1002.0,1015.0,1001.5,1006.0,16000
2019-05-08,1004.5,1009.0,995.5,1002.5,16400
2019-05-09,1004.0,1004.0,994.5,995.0,19200
2019-05-10,994.0,1000.0,979.5,980.0,23400
2019-05-13,820.0,854.0,820.0,825.5,100800
2019-05-14,810.0,827.0,803.5,825.5,47000
2019-05-15,827.5,856.0,827.0,855.5,15400
2019-05-16,858.0,858.0,821.5,826.5,15600
2019-05-17,850.0,850.0,829.0,840.0,14400
2019-05-20,835.0,835.5,821.5,827.0,19200
2019-05-21,819.0,819.0,804.0,813.0,16600
2019-05-22,820.5,820.5,810.0,816.0,8200
2019-05-23,813.0,814.0,801.0,801.0,10600
2019-05-24,801.5,804.5,800.5,804.5,15200
2019-05-27,801.0,808.0,801.0,807.5,7000
2019-05-28,807.5,810.0,806.5,808.0,6800
2019-05-29,801.0,801.0,776.5,778.0,34000
2019-05-30,775.5,784.5,771.0,784.5,21200
2019-05-31,783.0,783.0,761.5,764.5,24600
2019-06-03,760.0,764.5,731.0,747.0,26000
2019-06-04,738.0,763.5,736.5,758.0,32400
2019-06-05,758.5,777.0,758.5,775.0,20400
2019-06-06,776.5,777.0,769.0,770.5,6400
2019-06-07,771.0,793.5,766.0,791.0,16200
2019-06-10,802.5,805.0,791.0,800.0,14400
2019-06-11,800.0,801.0,793.5,799.0,7200
2019-06-12,799.0,801.0,799.0,799.0,5400
2019-06-13,799.0,799.0,766.5,768.0,12600
2019-06-14,771.5,780.5,761.0,761.0,12600
2019-06-17,765.0,765.0,758.5,763.5,6200
2019-06-18,761.0,761.0,737.5,739.5,21600
2019-06-19,745.0,768.5,745.0,767.5,13000
2019-06-20,767.5,767.5,755.0,763.5,4400
2019-06-21,756.0,768.0,752.5,754.5,9600
2019-06-24,754.5,758.0,742.5,749.0,11800
2019-06-25,755.0,757.5,750.5,752.5,5400
2019-06-26,755.0,755.0,740.0,742.0,11000
2019-06-27,742.0,754.0,742.0,754.0,9600
2019-06-28,749.0,753.5,749.0,751.0,5000
2019-07-01,761.5,769.0,757.0,768.5,17000
2019-07-02,773.5,793.0,773.5,791.5,25600
2019-07-03,795.5,814.5,793.5,814.5,30000
2019-07-04,823.0,831.5,815.0,826.5,19400
2019-07-05,836.0,836.0,827.0,829.5,14400
2019-07-08,836.0,843.5,836.0,840.0,19200
2019-07-09,840.0,840.0,819.0,822.0,20200
2019-07-10,822.0,827.0,821.0,821.0,8800
2019-07-11,822.5,830.0,822.5,828.5,8200
2019-07-12,832.5,832.5,826.0,826.0,6400
2019-07-16,828.5,832.0,812.0,822.5,5600
2019-07-17,821.0,826.0,820.0,821.5,9200
2019-07-18,821.5,824.5,800.0,800.0,11800
2019-07-19,807.5,819.0,799.0,810.5,10600
2019-07-22,814.0,821.0,812.5,814.0,8600
2019-07-23,818.5,820.5,812.5,820.5,9800
2019-07-24,820.5,821.0,815.5,818.5,6800
2019-07-25,821.0,821.0,817.5,817.5,12400
2019-07-26,817.5,818.5,811.5,813.5,5000
2019-07-29,814.0,826.0,814.0,818.0,4400
2019-07-30,815.5,819.0,814.5,814.5,10200
2019-07-31,815.0,817.0,810.0,810.0,4200
2019-08-01,810.0,810.0,803.0,808.5,7400
2019-08-02,808.5,808.5,779.0,782.5,18800
2019-08-05,781.0,781.5,759.0,763.5,19600
2019-08-06,751.0,764.0,750.0,763.5,19400
2019-08-07,760.5,771.5,760.0,768.0,20400
2019-08-08,760.5,772.0,760.5,772.0,6200
2019-08-09,760.5,760.5,752.5,754.5,22400
2019-08-13,754.5,754.5,743.5,751.0,14800
2019-08-14,760.5,760.5,751.0,753.0,8600
2019-08-15,749.5,749.5,743.0,745.0,7600
2019-08-16,745.0,751.5,743.0,743.5,8200
2019-08-19,738.0,748.5,738.0,747.0,11600
2019-08-20,747.0,749.5,745.0,749.5,5600
2019-08-21,749.0,749.0,741.0,743.0,6000
2019-08-22,747.5,747.5,737.5,737.5,4600
2019-08-23,742.5,747.0,734.5,737.5,8400
2019-08-26,733.5,740.0,729.0,732.0,17200
2019-08-27,735.0,740.0,729.0,729.0,12600
2019-08-28,732.5,746.5,732.5,735.5,10400
2019-08-29,735.0,745.0,735.0,745.0,4000
2019-08-30,745.0,745.0,739.5,743.5,9000
2019-09-02,739.0,744.0,739.0,742.0,2200
2019-09-03,740.0,746.0,740.0,745.5,5000
2019-09-04,745.5,745.5,735.5,735.5,8400
2019-09-05,735.5,748.5,735.5,748.5,8000
2019-09-06,748.0,758.5,748.0,757.5,10400
2019-09-09,750.5,763.5,750.5,759.5,8800
2019-09-10,760.5,781.0,760.5,781.0,14200
2019-09-11,778.5,794.0,775.5,793.0,17400
2019-09-12,797.5,808.5,794.0,804.5,23800
2019-09-13,800.5,810.0,788.0,810.0,28400
2019-09-17,807.5,809.0,796.5,803.5,12200
2019-09-18,797.5,800.5,795.0,797.5,10000
2019-09-19,795.0,802.5,795.0,802.5,20200
2019-09-20,800.0,803.5,797.0,801.5,6800
2019-09-24,794.5,800.5,786.0,800.0,10800
2019-09-25,793.0,800.5,791.0,800.5,9000
2019-09-26,799.5,804.5,797.5,799.0,23600
2019-09-27,784.0,802.5,763.5,801.0,16000
2019-09-30,802.5,808.0,781.5,801.0,8600
2019-10-01,790.0,802.0,789.0,792.0,14200
2019-10-02,798.5,801.5,792.0,800.5,15200
2019-10-03,783.0,788.0,780.0,782.5,9600
2019-10-04,788.0,793.0,785.5,793.0,7400
2019-10-07,800.0,800.0,781.0,793.0,11000
2019-10-08,782.0,798.5,782.0,788.5,9200
2019-10-09,788.5,798.5,788.5,792.0,8000
2019-10-10,792.0,797.5,792.0,795.5,3200
2019-10-11,796.0,800.0,792.0,797.0,10200
2019-10-15,807.0,817.5,807.0,812.5,11800
2019-10-16,813.0,816.5,810.5,816.5,7200
2019-10-17,816.5,817.5,802.5,813.0,11600
2019-10-18,817.5,818.0,803.0,814.5,9800
2019-10-21,806.0,822.0,806.0,809.5,4000
2019-10-23,812.5,812.5,807.0,810.0,12200
2019-10-24,805.5,812.5,804.0,810.0,12800
2019-10-25,814.5,819.0,810.5,819.0,14800
2019-10-28,818.0,829.0,817.0,821.0,21200
2019-10-29,823.0,830.5,823.0,825.5,18400
2019-10-30,828.0,862.5,827.5,862.5,62000
2019-10-31,859.0,885.0,859.0,878.5,27000
2019-11-01,873.0,895.5,868.0,894.0,22200
2019-11-05,900.0,900.0,895.0,899.0,16000
2019-11-06,888.5,898.0,884.0,897.5,9800
2019-11-07,897.5,897.5,870.0,882.5,11800
2019-11-08,890.5,892.5,870.5,882.0,12800
2019-11-11,869.5,889.0,869.0,882.5,13600
2019-11-12,882.5,885.0,875.0,884.5,8200
2019-11-13,886.0,887.0,876.0,878.5,6000
2019-11-14,880.5,885.5,878.5,880.5,7200
2019-11-15,880.5,885.0,880.5,885.0,4800
2019-11-18,884.0,895.5,884.0,887.0,14800
2019-11-19,887.5,891.0,887.5,887.5,4000
2019-11-20,893.0,895.0,890.0,892.0,9800
2019-11-21,894.0,894.0,889.0,892.5,7600
2019-11-22,892.5,903.5,892.5,903.0,10600
2019-11-25,903.5,903.5,899.0,901.5,8400
2019-11-26,903.5,903.5,897.5,897.5,5800
2019-11-27,902.5,902.5,899.0,899.0,17600
2019-11-28,896.5,902.0,896.5,902.0,7200
2019-11-29,901.5,901.5,895.0,895.0,3800
2019-12-02,894.5,905.0,894.0,902.0,13400
2019-12-03,900.0,906.5,897.5,901.5,25000
2019-12-04,901.5,903.5,897.5,901.0,8000
2019-12-05,904.5,919.5,901.5,910.0,19800
2019-12-06,918.0,919.0,910.0,918.0,13400
2019-12-09,919.5,923.0,917.5,921.5,6000
2019-12-10,921.5,932.0,921.5,928.5,17800
2019-12-11,919.5,929.5,919.5,921.5,9800
2019-12-12,935.0,948.5,930.0,939.0,16600
2019-12-13,950.0,974.5,950.0,959.0,40600
2019-12-16,964.5,986.5,956.5,973.0,34600
2019-12-17,981.0,985.0,970.0,978.0,21400
2019-12-18,977.5,983.0,970.0,978.0,15200
2019-12-19,974.5,999.0,974.5,995.5,18200
2019-12-20,995.5,1019.0,993.5,999.0,41200
2019-12-23,999.5,1000.5,959.0,963.5,20400
2019-12-24,963.5,963.5,944.0,947.0,15800
2019-12-25,949.0,958.0,938.5,956.0,23200
2019-12-26,956.0,956.0,942.0,956.0,22400
2019-12-27,956.5,967.0,950.0,951.0,14200
2019-12-30,951.0,955.0,949.5,952.5,6000
2020-01-06,941.5,942.0,929.0,933.0,17800
2020-01-07,941.0,967.0,941.0,949.0,15600
2020-01-08,946.5,946.5,930.0,933.0,9800
2020-01-09,952.5,953.5,942.0,951.0,12000
2020-01-10,957.0,957.0,950.0,954.0,3800
2020-01-14,954.0,958.5,953.0,956.0,7200
2020-01-15,959.5,964.0,959.5,960.5,6800
2020-01-16,955.0,959.0,955.0,955.0,4200
2020-01-17,953.0,957.0,953.0,955.0,8800
2020-01-20,954.0,964.0,954.0,961.5,8000
2020-01-21,966.5,969.5,963.0,963.0,3000
2020-01-22,965.5,965.5,960.0,960.5,7000
2020-01-23,960.0,963.5,955.5,958.5,3600
2020-01-24,962.5,963.0,950.0,950.0,8600
2020-01-27,944.0,947.5,908.0,908.0,25400
2020-01-28,900.0,918.5,893.0,902.0,16800
2020-01-29,911.0,917.5,910.5,910.5,3800
2020-01-30,913.5,913.5,880.5,880.5,14400
2020-01-31,881.0,905.5,881.0,889.0,10400
2020-02-03,888.0,893.0,882.5,886.0,6000
2020-02-04,881.5,893.5,881.0,893.5,4800
2020-02-05,895.5,912.5,890.5,908.5,37600
2020-02-06,911.5,953.0,911.5,937.0,14000
2020-02-07,946.5,946.5,914.5,928.0,9800
2020-02-10,923.0,938.0,920.5,935.5,7400
2020-02-12,935.0,935.0,921.0,921.0,3400
2020-02-13,921.0,929.5,915.5,929.5,7800
2020-02-14,920.0,922.0,912.0,912.5,4600
2020-02-17,906.0,926.0,900.0,915.0,13000
2020-02-18,910.0,931.0,906.5,908.5,8600
2020-02-19,912.5,912.5,900.5,901.0,7600
2020-02-20,901.0,903.0,896.5,896.5,2400
2020-02-21,896.5,906.5,896.5,902.0,4400
2020-02-25,857.5,870.5,850.0,850.0,25000
2020-02-26,849.0,849.0,832.5,837.5,35800
2020-02-27,841.5,843.5,766.5,772.5,45200
2020-02-28,752.5,763.0,743.0,743.0,61400
2020-03-02,745.0,766.5,745.0,761.0,20000
2020-03-03,781.0,781.0,766.0,767.0,17000
2020-03-04,766.5,787.0,765.0,765.0,11200
2020-03-05,785.0,785.0,768.5,775.5,9600
2020-03-06,764.5,774.0,757.5,761.5,15600
2020-03-09,728.0,758.0,728.0,732.0,24200
2020-03-10,717.0,734.0,716.0,734.0,12800
2020-03-11,740.5,775.0,740.5,747.0,20000
2020-03-12,737.5,741.5,720.5,722.5,13600
2020-03-13,665.5,666.0,635.5,644.0,48600
2020-03-16,674.0,674.0,636.5,641.5,23200
2020-03-17,625.0,648.5,579.0,642.5,60600
2020-03-18,659.5,659.5,600.5,600.5,21600
2020-03-19,608.0,626.5,499.5,512.0,52800
2020-03-23,538.0,551.5,522.0,546.5,26600
2020-03-24,550.5,577.5,550.5,575.5,27400
2020-03-25,649.0,672.0,604.0,672.0,27000
2020-03-26,651.5,689.5,639.5,689.5,25800
2020-03-27,684.5,719.5,679.5,719.0,58600
2020-03-30,684.0,684.0,641.5,657.5,27000
2020-03-31,642.5,643.0,619.5,628.5,13000
2020-04-01,611.5,624.5,600.5,600.5,11000
2020-04-02,585.0,594.5,570.0,572.5,5800
2020-04-03,616.0,624.5,575.0,586.0,9000
2020-04-06,575.5,619.5,575.5,617.5,16600
2020-04-07,617.0,625.5,596.0,625.5,12000
2020-04-08,601.0,622.0,601.0,611.5,16400
2020-04-09,611.5,628.5,611.5,619.0,9200
2020-04-10,626.0,626.0,611.5,617.5,29600
2020-04-13,617.5,620.0,614.5,614.5,5800
2020-04-14,613.0,613.0,601.5,605.5,7200
2020-04-15,618.0,625.0,608.5,608.5,9200
2020-04-16,608.5,623.5,602.5,621.0,7200
2020-04-17,621.0,626.5,617.0,621.0,8400
2020-04-20,621.0,626.0,621.0,624.5,6800
2020-04-21,620.0,629.5,620.0,629.5,3400
2020-04-22,626.0,630.0,622.0,622.5,7600
2020-04-23,628.5,633.5,628.5,633.5,5600
2020-04-24,638.0,640.5,634.5,640.5,6600
2020-04-27,642.0,645.0,640.5,645.0,3200
2020-04-28,646.0,666.0,646.0,665.0,7200
2020-04-30,680.0,694.0,665.0,684.5,12400
2020-05-01,680.0,680.0,663.0,674.5,2400
2020-05-07,669.5,679.5,669.5,677.0,3600
2020-05-08,692.0,697.5,678.5,689.5,10400
2020-05-11,700.5,728.5,700.5,725.5,8200
2020-05-12,718.5,723.5,715.5,718.5,8400
2020-05-13,710.5,713.0,710.0,711.5,6400
2020-05-14,711.5,711.5,706.0,709.0,2400
2020-05-15,713.5,713.5,704.5,709.0,1800
2020-05-18,700.0,704.5,697.0,704.5,4400
2020-05-19,710.0,710.0,690.0,694.0,8000
2020-05-20,692.0,703.0,690.5,703.0,7600
2020-05-21,703.0,703.0,693.0,696.0,2000
2020-05-22,695.0,695.0,684.0,690.0,3000
2020-05-25,690.0,699.5,690.0,696.5,2800
2020-05-26,696.5,737.5,693.0,737.0,9400
2020-05-27,734.5,743.0,731.5,740.5,13800
2020-05-28,742.5,760.5,741.0,760.5,10600
2020-05-29,760.5,760.5,736.0,740.0,11000
2020-06-01,738.5,738.5,731.0,732.5,2000
2020-06-02,732.5,757.0,727.5,750.0,4800
2020-06-03,750.0,750.0,734.5,742.5,8400
2020-06-04,738.0,749.5,738.0,749.0,4000
2020-06-05,749.0,749.0,740.0,749.0,2600
2020-06-08,749.0,749.0,743.0,748.5,5400
2020-06-09,748.5,748.5,741.5,742.5,2600
2020-06-10,742.5,748.0,742.5,747.0,3800
2020-06-11,741.5,748.5,741.5,748.5,3000
2020-06-12,728.5,746.0,728.5,737.5,6200
2020-06-15,736.0,736.0,724.0,724.0,5600
2020-06-16,711.0,732.0,711.0,732.0,3800
2020-06-17,732.5,733.5,730.0,733.5,2400
2020-06-18,734.0,734.0,732.5,732.5,1600
2020-06-19,724.5,726.5,724.5,726.5,3800
2020-06-22,725.0,737.5,725.0,737.5,3200
2020-06-23,749.5,749.5,741.5,741.5,1600
2020-06-24,728.5,742.5,728.5,735.0,2000
2020-06-25,742.0,742.0,725.5,725.5,6400
2020-06-26,737.5,738.0,723.5,726.5,12000
2020-06-29,720.0,723.5,705.5,712.5,13200
2020-06-30,718.5,721.0,713.5,713.5,3400
2020-07-01,718.0,722.5,712.5,712.5,5400
2020-07-02,721.5,721.5,711.0,711.0,4000
2020-07-03,726.0,726.0,719.0,720.5,8600
2020-07-06,742.5,825.0,742.5,825.0,59000
2020-07-07,825.0,834.5,776.0,800.0,49600
2020-07-08,809.0,816.0,784.0,784.0,13800
2020-07-09,784.5,796.5,764.0,764.0,9400
2020-07-10,755.0,755.5,743.5,743.5,9000
2020-07-13,747.5,769.0,747.5,763.5,3600
2020-07-14,762.5,762.5,743.5,758.0,7600
2020-07-15,764.0,790.0,746.0,789.5,12600
2020-07-16,779.5,779.5,773.5,775.5,1600
2020-07-17,777.5,777.5,751.5,752.5,3600
2020-07-20,751.5,760.0,751.5,758.5,3400
2020-07-21,758.5,761.5,758.0,761.5,4600
2020-07-22,761.5,784.5,756.5,763.5,6800
2020-07-27,763.5,783.0,763.5,783.0,6200
2020-07-28,783.0,783.0,766.5,776.0,3800
2020-07-29,766.0,777.0,757.0,766.0,3600
2020-07-30,750.5,772.5,750.5,752.5,3600
2020-07-31,752.5,752.5,718.5,718.5,6800
2020-08-03,717.5,717.5,700.5,703.5,5000
2020-08-04,715.5,716.0,700.0,703.0,3000
2020-08-05,704.0,711.0,704.0,711.0,3800
2020-08-06,712.5,730.5,712.5,716.0,2400
2020-08-07,713.0,727.0,713.0,725.0,1400
2020-08-11,733.0,746.0,730.0,739.5,6400
2020-08-12,745.5,791.0,745.0,783.0,9800
2020-08-13,790.5,790.5,758.0,771.0,6400
2020-08-14,788.5,788.5,765.5,765.5,5200
2020-08-17,765.5,765.5,760.0,764.0,1200
2020-08-18,755.5,755.5,745.0,745.0,5400
2020-08-19,754.5,761.5,754.5,756.5,1400
2020-08-20,756.5,756.5,749.5,752.5,1000
2020-08-21,759.5,759.5,750.5,750.5,1400
2020-08-24,757.0,757.5,745.5,745.5,4400
2020-08-25,756.5,757.5,753.0,754.0,3000
2020-08-26,736.5,740.0,736.5,740.0,2200
2020-08-27,740.0,746.0,732.5,738.5,5800
2020-08-28,745.5,749.0,733.5,742.0,7600
2020-08-31,736.0,745.5,736.0,742.5,2200
2020-09-01,742.5,754.0,742.5,752.5,4400
2020-09-02,754.5,830.5,753.0,794.0,25400
2020-09-03,800.0,815.0,791.5,808.0,14800
2020-09-04,792.0,816.0,785.5,812.5,11800
2020-09-07,804.0,805.5,768.5,778.0,12600
2020-09-08,798.0,798.0,775.0,788.5,7600
2020-09-09,790.5,800.0,775.5,800.0,11000
2020-09-10,810.0,812.5,800.0,812.5,8000
2020-09-11,825.0,827.0,816.5,825.0,8200
2020-09-14,825.0,825.0,804.5,825.0,3800
2020-09-15,805.5,824.5,805.5,824.5,5000
2020-09-16,824.0,833.5,815.0,830.0,9000
2020-09-17,830.0,874.0,827.0,874.0,12200
2020-09-18,874.0,874.0,867.0,874.0,7600
2020-09-23,866.5,876.0,866.5,876.0,10800
2020-09-24,882.0,885.5,865.0,885.5,9600
2020-09-25,888.0,888.0,826.0,884.5,8800
2020-09-28,883.5,900.5,878.5,892.5,20000
2020-09-29,899.0,906.0,884.0,891.0,13000
2020-09-30,891.0,895.0,851.0,882.0,9200
2020-10-02,875.0,882.0,860.0,881.0,6000
2020-10-05,878.5,883.0,875.0,883.0,5600
2020-10-06,878.0,883.0,875.0,883.0,2600
2020-10-07,870.0,878.5,863.5,874.5,4800
2020-10-08,872.0,872.0,856.5,861.5,5000
2020-10-09,853.0,871.0,853.0,863.0,2800
2020-10-12,853.0,870.0,850.5,870.0,800
2020-10-13,869.0,870.0,866.0,869.0,1600
2020-10-14,869.0,869.0,856.0,856.0,3600
2020-10-15,850.5,850.5,836.5,842.0,4600
2020-10-16,853.0,853.0,851.5,851.5,400
2020-10-19,867.5,873.0,863.5,863.5,3400
2020-10-20,905.0,908.0,881.0,899.0,47400
2020-10-21,894.5,898.0,882.0,893.0,11600
2020-10-22,898.0,898.0,890.0,890.0,5600
2020-10-23,892.5,895.0,888.5,891.0,2800
2020-10-26,885.0,895.5,884.0,884.0,2800
2020-10-27,882.5,884.0,867.0,871.5,7200
2020-10-28,871.5,877.5,870.0,870.0,2800
2020-10-29,870.5,870.5,855.5,855.5,6200
2020-10-30,863.0,869.5,858.0,858.0,4000
2020-11-02,856.0,866.5,856.0,866.5,6200
2020-11-04,870.5,879.0,865.0,874.0,8800
2020-11-05,872.0,880.0,872.0,880.0,6600
2020-11-06,876.5,884.0,872.5,879.0,11200
2020-11-09,872.0,885.0,865.0,878.5,22200
2020-11-10,884.0,885.0,867.0,884.0,17400
2020-11-11,884.5,889.5,875.0,887.5,18800
2020-11-12,867.5,888.5,866.0,877.0,42800
2020-11-13,875.5,888.0,875.5,881.5,13400
2020-11-16,881.5,891.5,881.5,884.5,18600
2020-11-17,885.5,888.5,882.0,885.0,12000
2020-11-18,883.5,890.0,883.0,886.5,10000
2020-11-19,890.0,890.0,882.5,882.5,9200
2020-11-20,890.0,890.0,883.0,885.0,9200
2020-11-24,887.5,888.0,881.0,881.5,22400
2020-11-25,882.0,888.0,876.5,876.5,14000
2020-11-26,883.5,883.5,874.5,876.0,8800
2020-11-27,877.5,888.5,874.5,888.5,13400
2020-11-30,888.0,888.0,874.0,877.5,7400
2020-12-01,882.0,885.5,875.0,877.5,11400
2020-12-02,877.0,882.0,875.0,875.0,10800
2020-12-03,875.0,878.5,875.0,875.5,5600
2020-12-04,883.5,883.5,872.5,872.5,9200
2020-12-07,870.0,870.0,833.0,833.0,11400
2020-12-08,833.0,841.5,828.5,830.0,12400
2020-12-09,838.0,838.0,801.5,806.0,15000
2020-12-10,803.0,803.0,792.5,793.5,15000
2020-12-11,808.0,822.5,797.5,822.5,22200
2020-12-14,826.0,849.5,826.0,831.0,11400
2020-12-15,831.0,839.0,822.0,837.5,19600
2020-12-16,837.5,837.5,816.0,837.5,6200
2020-12-17,836.0,854.5,832.5,840.0,19000
2020-12-18,846.5,846.5,835.5,840.0,5800
2020-12-21,842.5,843.5,825.0,839.5,8200
2020-12-22,839.5,839.5,819.0,827.0,5400
2020-12-23,822.0,832.0,822.0,831.0,6200
2020-12-24,831.0,831.0,824.5,825.5,4800
2020-12-25,832.0,832.0,814.0,816.5,10400
2020-12-28,817.0,817.0,802.5,809.5,34000
2020-12-29,813.5,818.0,813.0,818.0,3800
2020-12-30,818.0,826.0,813.0,813.0,4400
2021-01-04,821.5,824.0,813.0,815.5,6200
2021-01-05,817.5,817.5,811.5,812.5,4600
2021-01-06,819.5,819.5,810.0,818.0,5600
2021-01-07,829.0,829.0,814.5,821.0,9000
2021-01-08,817.0,826.0,815.5,826.0,9800
2021-01-12,828.0,835.0,825.5,833.0,10400
2021-01-13,837.0,843.0,827.0,842.0,14600
2021-01-14,842.0,848.0,837.0,840.0,10800
2021-01-15,837.5,838.0,833.5,835.0,4800
2021-01-18,832.0,837.0,830.5,832.5,3200
2021-01-19,835.0,835.0,827.0,827.0,5800
2021-01-20,827.0,827.0,817.0,817.0,11200
2021-01-21,820.0,829.0,817.5,824.0,7400
2021-01-22,824.0,832.0,824.0,824.5,6400
2021-01-25,824.5,829.5,823.5,824.0,8000
2021-01-26,828.5,829.0,823.5,829.0,5000
2021-01-27,830.0,831.0,824.0,824.0,9600
2021-01-28,824.0,831.0,820.0,820.0,35800
2021-01-29,824.5,831.0,816.5,816.5,11800
2021-02-01,816.5,826.0,816.5,820.5,2200
2021-02-02,827.5,827.5,816.0,823.5,4800
2021-02-03,827.5,830.5,827.0,830.0,6600
2021-02-04,829.5,831.5,824.0,826.5,6200
2021-02-05,831.5,837.5,831.5,837.5,15000
2021-02-08,839.0,843.0,836.5,843.0,15800
2021-02-09,838.0,843.0,837.0,837.0,8200
2021-02-10,837.5,841.0,836.0,840.0,4600
2021-02-12,840.0,840.0,831.5,832.5,5600
2021-02-15,832.5,841.5,832.5,837.0,11400
2021-02-16,837.0,838.5,834.5,834.5,6600
2021-02-17,839.0,842.5,836.0,836.0,12600
2021-02-18,836.0,837.0,832.5,832.5,9800
2021-02-19,832.5,833.5,827.0,827.0,13600
2021-02-22,825.0,833.0,825.0,826.0,5000
2021-02-24,827.5,833.0,805.0,805.0,19400
2021-02-25,807.5,811.0,805.0,807.0,19400
2021-02-26,803.0,804.5,794.0,794.0,25400
2021-03-01,800.0,803.5,798.0,803.0,8000
2021-03-02,810.0,811.5,795.0,796.0,24200
2021-03-03,796.5,800.5,795.0,800.5,8200
2021-03-04,801.0,802.0,793.0,794.5,22200
2021-03-05,794.5,804.5,792.0,804.5,18600
2021-03-08,809.5,809.5,797.5,804.5,28400
2021-03-09,803.0,809.5,800.5,805.0,19400
2021-03-10,809.5,811.0,800.5,804.0,20600
2021-03-11,806.0,812.5,804.5,812.5,11400
2021-03-12,813.0,818.0,811.5,818.0,17400
2021-03-15,820.0,822.0,817.0,821.5,21400
2021-03-16,824.0,828.5,820.5,825.5,13800
2021-03-17,826.5,833.5,822.5,832.5,16200
2021-03-18,836.5,837.0,828.5,836.5,30400
2021-03-19,836.0,837.5,829.5,835.0,95400
2021-03-22,838.0,849.0,832.5,849.0,71000
2021-03-23,849.5,863.5,849.0,853.0,35800
2021-03-24,851.0,858.5,847.0,852.5,51000
2021-03-25,855.5,855.5,848.0,852.0,29000
2021-03-26,860.5,860.5,850.5,856.0,88000
2021-03-29,866.0,874.5,860.0,873.0,147400
2021-03-30,870.0,870.0,840.5,840.5,79600
2021-03-31,837.0,860.0,837.0,848.5,60200
2021-04-01,848.0,855.0,840.0,844.5,56600
2021-04-02,847.5,849.5,839.5,844.0,39400
2021-04-05,845.0,846.0,839.0,846.0,26600
2021-04-06,846.0,847.0,833.0,833.5,37400
2021-04-07,833.5,871.5,833.0,871.5,32000
2021-04-08,859.5,867.5,832.0,832.0,27600
2021-04-09,838.0,848.5,833.5,845.0,10400
2021-04-12,845.0,863.0,841.5,848.5,22800
2021-04-13,848.0,862.0,842.0,844.5,13000
2021-04-14,844.5,845.0,830.0,831.5,15800
2021-04-15,831.5,834.5,830.0,830.5,4800
2021-04-16,837.0,837.0,828.5,828.5,2000
2021-04-19,826.5,837.5,826.5,830.0,13400
2021-04-20,855.0,897.5,850.0,890.5,180400
2021-04-21,880.0,899.5,876.5,885.5,60800
2021-04-22,889.5,915.0,888.5,912.0,60000
2021-04-23,911.0,913.0,892.5,893.5,24000
2021-04-26,905.5,905.5,893.5,897.0,21000
2021-04-27,893.5,900.0,886.5,894.5,11600
2021-04-28,899.5,905.0,890.5,894.0,14800
2021-04-30,890.5,900.0,887.5,889.5,16800
2021-05-06,893.5,904.0,890.0,890.0,19800
2021-05-07,890.0,903.5,889.0,891.0,10400
2021-05-10,901.5,906.0,892.0,900.5,11800
2021-05-11,901.0,901.5,886.0,886.0,13600
2021-05-12,886.0,920.5,886.0,916.5,30400
2021-05-13,910.5,942.5,906.0,911.0,34200
2021-05-14,906.5,923.0,906.0,909.0,12400
2021-05-17,908.0,912.5,892.5,892.5,14600
2021-05-18,891.5,893.0,885.0,890.0,9000
2021-05-19,890.0,908.0,889.5,898.0,13200
2021-05-20,900.5,941.5,900.5,937.5,30200
2021-05-21,939.0,939.0,922.5,933.5,8400
2021-05-24,941.0,963.5,941.0,960.5,14400
2021-05-25,960.5,960.5,925.0,927.0,25400
2021-05-26,922.0,927.0,902.0,906.0,17600
2021-05-27,907.5,925.0,906.5,909.0,9800
2021-05-28,909.5,931.0,909.5,927.5,14800
2021-05-31,927.5,955.0,917.0,948.0,21000
2021-06-01,943.0,943.0,929.5,935.5,9200
2021-06-02,930.5,950.0,915.0,932.0,14400
2021-06-03,919.0,947.5,919.0,941.0,14200
2021-06-04,932.5,948.0,932.5,939.5,5200
2021-06-07,949.0,982.5,939.0,959.5,23400
2021-06-08,965.0,967.5,944.5,944.5,10800
2021-06-09,949.5,959.5,941.0,952.5,7800
2021-06-10,949.0,963.5,941.0,957.0,6800
2021-06-11,944.0,983.0,941.5,977.5,17400
2021-06-14,965.5,977.5,956.0,974.0,12200
2021-06-15,961.0,978.0,961.0,972.5,11200
2021-06-16,965.0,986.5,965.0,970.0,12600
2021-06-17,964.0,982.5,962.5,966.5,4200
2021-06-18,975.5,975.5,959.5,966.5,5800
2021-06-21,955.5,974.5,942.5,942.5,15800
2021-06-22,947.0,947.0,928.5,937.0,9000
2021-06-23,942.0,951.0,933.0,936.5,3600
2021-06-24,940.0,944.5,938.0,939.0,1600
2021-06-25,959.0,959.0,945.5,948.0,4200
2021-06-28,950.5,970.5,950.5,967.0,10800
2021-06-29,966.5,975.0,957.0,972.5,7600
2021-06-30,976.5,999.0,976.5,988.5,19600
2021-07-01,994.5,994.5,981.0,989.0,10600
2021-07-02,995.5,1004.0,995.0,1002.0,16800
2021-07-05,1001.0,1007.5,997.5,997.5,6800
2021-07-06,998.5,1005.0,988.0,997.5,17400
2021-07-07,980.0,1011.0,970.0,999.5,12400
2021-07-08,999.5,1005.0,984.5,984.5,5400
2021-07-09,967.0,983.5,966.5,975.0,17000
2021-07-12,995.0,1007.5,994.5,1003.0,14200
2021-07-13,1003.0,1006.0,987.5,1002.5,11600
2021-07-14,1004.5,1006.0,989.0,1006.0,12800
2021-07-15,1006.0,1006.0,989.5,989.5,5200
2021-07-16,977.5,999.5,977.5,992.0,5200
2021-07-19,991.5,991.5,967.5,967.5,7800
2021-07-20,966.5,984.0,966.5,967.0,11800
2021-07-21,982.5,982.5,972.0,974.0,3600
2021-07-26,991.0,994.5,984.5,987.0,7000
2021-07-27,980.0,980.0,976.0,979.0,3200
2021-07-28,968.0,987.0,967.0,983.5,7400
2021-07-29,978.5,986.5,975.5,984.0,6400
2021-07-30,984.0,986.5,974.0,981.0,6200
2021-08-02,985.0,1008.0,985.0,1005.5,15400
2021-08-03,998.5,1008.0,992.0,1002.5,14800
2021-08-04,994.5,994.5,990.0,994.5,3800
2021-08-05,991.0,991.0,988.5,988.5,1200
2021-08-06,988.5,996.5,950.0,987.5,4600
2021-08-10,987.5,992.0,987.5,989.0,4000
2021-08-11,986.5,991.5,966.5,981.5,8200
2021-08-12,990.0,990.0,970.0,984.5,10200
2021-08-13,985.5,1008.0,982.5,1002.5,16200
2021-08-16,1008.5,1058.0,1005.0,1055.0,69200
2021-08-17,1054.5,1054.5,1025.5,1041.0,19400
2021-08-18,1035.5,1043.5,1016.5,1026.5,13800
2021-08-19,1012.0,1012.0,967.0,967.0,31400
2021-08-20,967.5,973.0,945.5,952.0,13200
2021-08-23,952.0,956.5,917.0,954.5,25200
2021-08-24,955.0,965.0,925.5,964.5,17200
2021-08-25,971.5,998.0,930.5,998.0,20000
2021-08-26,978.0,1024.5,964.5,1011.0,18800
2021-08-27,1001.5,1001.5,973.5,996.0,9800
2021-08-30,1003.5,1003.5,983.5,996.5,5800
2021-08-31,996.5,996.5,980.0,987.0,4400
2021-09-01,983.5,991.0,983.5,987.5,4800
2021-09-02,993.5,993.5,980.5,987.5,5400
2021-09-03,987.5,993.5,982.5,990.0,7800
2021-09-06,1000.0,1003.5,991.0,1003.5,4400
2021-09-07,1003.5,1003.5,984.5,989.5,8200
2021-09-08,986.0,1002.5,986.0,1002.5,6200
2021-09-09,1004.0,1004.0,1004.0,1004.0,3200
2021-09-10,999.5,1017.5,995.5,1017.5,11200
2021-09-13,1010.0,1018.5,1010.0,1018.5,6600
2021-09-14,1017.5,1025.0,1012.0,1025.0,7600
2021-09-15,1014.5,1017.0,1008.0,1017.0,4200
2021-09-16,1012.5,1028.0,1012.5,1025.0,13600
2021-09-17,1027.5,1030.0,1018.0,1030.0,7800
2021-09-21,1020.0,1037.5,1011.0,1037.5,9400
2021-09-22,1037.0,1037.0,1016.0,1026.5,2600
2021-09-24,1026.5,1050.0,1024.5,1050.0,17000
2021-09-27,1050.0,1050.0,1026.5,1029.5,13800
2021-09-28,1034.5,1034.5,1026.5,1033.0,8800
2021-09-29,1000.5,1015.0,986.0,986.0,10200
2021-09-30,986.0,998.0,985.0,985.0,4800
2021-10-01,983.0,988.5,972.0,972.0,6000
2021-10-04,982.5,982.5,972.0,973.0,3400
2021-10-05,973.0,974.0,937.5,940.0,12200
2021-10-06,960.0,960.0,935.0,939.5,5800
2021-10-07,935.0,950.0,928.5,939.5,9800
2021-10-08,955.0,956.0,922.5,937.5,11400
2021-10-11,947.0,984.5,947.0,984.0,4600
2021-10-12,980.0,980.0,959.5,961.0,3200
2021-10-13,962.0,962.0,945.5,945.5,5800
2021-10-14,940.0,984.5,940.0,978.0,19600
2021-10-15,981.0,1004.5,973.0,997.0,8000
2021-10-18,1006.5,1022.5,977.5,1022.5,11800
2021-10-19,1038.5,1049.0,1017.5,1036.5,54400
2021-10-20,1038.5,1041.5,1028.5,1034.5,12000
2021-10-21,1027.0,1038.0,1027.0,1032.5,5000
2021-10-22,1032.5,1032.5,1025.0,1025.0,2200
2021-10-25,1030.5,1030.5,1005.0,1005.5,8200
2021-10-26,1005.0,1011.0,998.5,1009.5,6000
2021-10-27,1009.0,1009.0,1001.0,1005.0,1600
2021-10-28,1009.0,1009.0,998.0,1007.5,9000
2021-10-29,1007.5,1007.5,1002.5,1007.5,1400
2021-11-01,1007.5,1020.0,1007.0,1009.0,9000
2021-11-02,1005.5,1009.0,1003.0,1009.0,2000
2021-11-04,1009.0,1017.5,1003.0,1015.0,5600
2021-11-05,1008.5,1011.0,1001.0,1003.5,3000
2021-11-08,1003.5,1005.5,998.5,1005.5,3800
2021-11-09,1013.5,1013.5,988.5,988.5,6800
2021-11-10,995.5,999.0,993.5,998.0,3000
2021-11-11,999.0,999.0,993.0,993.0,2400
2021-11-12,993.5,997.0,993.5,997.0,1600
2021-11-15,993.5,997.0,992.5,997.0,1400
2021-11-16,997.0,997.0,990.5,990.5,2400
2021-11-17,996.0,996.0,990.5,990.5,1600
2021-11-18,997.0,997.5,997.0,997.0,1800
2021-11-19,995.0,995.0,978.0,978.0,5400
2021-11-22,977.5,995.0,976.5,976.5,1600
2021-11-24,993.0,993.0,978.0,978.0,1200
2021-11-25,978.5,986.5,978.5,983.0,2200
2021-11-26,983.0,983.0,975.0,975.0,3200
2021-11-29,967.5,967.5,947.5,947.5,6800
2021-11-30,967.5,967.5,943.0,947.5,4400
2021-12-01,941.0,963.5,941.0,959.5,3200
2021-12-02,959.5,959.5,943.5,943.5,3800
2021-12-03,959.0,960.0,947.0,947.0,3800
2021-12-06,943.5,959.5,943.5,944.5,4800
2021-12-07,945.0,960.0,945.0,960.0,5600
2021-12-08,960.0,966.5,947.5,958.5,8200
2021-12-09,951.5,958.5,947.5,950.5,4600
2021-12-10,959.5,959.5,950.0,953.0,5600
2021-12-13,951.5,953.5,948.0,950.0,5200
2021-12-14,955.0,955.0,945.0,950.0,5600
2021-12-15,946.0,946.0,945.0,945.0,4400
2021-12-16,945.0,945.0,941.0,941.0,5800
2021-12-17,943.5,943.5,941.0,941.0,3600
2021-12-20,941.5,949.5,940.0,940.0,4000
2021-12-21,940.0,940.0,922.5,927.0,9000
2021-12-22,924.0,927.0,917.5,917.5,8600
2021-12-23,919.0,920.0,910.0,913.5,4000
2021-12-24,921.0,922.0,910.0,910.0,5800
2021-12-27,918.0,918.0,910.0,914.5,8800
2021-12-28,914.5,920.0,914.5,920.0,7400
2021-12-29,921.5,929.0,921.5,926.5,5600
2021-12-30,931.5,939.5,930.5,939.5,2600
2022-01-04,945.5,948.5,940.5,947.5,7600
2022-01-05,947.5,949.5,942.5,946.0,6400
2022-01-06,940.5,941.0,936.5,936.5,4600
2022-01-07,936.5,940.5,933.5,933.5,7600
2022-01-11,933.5,934.5,931.0,934.5,6400
2022-01-12,936.0,944.5,928.5,935.0,9400
2022-01-13,935.0,962.5,935.0,958.0,7600
2022-01-14,962.5,969.5,962.5,968.0,7600
2022-01-17,968.0,968.5,950.5,950.5,8000
2022-01-18,954.0,970.0,953.5,954.0,3200
2022-01-19,954.0,956.5,949.0,949.0,6600
2022-01-20,949.0,956.0,948.0,950.0,3600
2022-01-21,950.0,961.5,945.0,951.0,6000
2022-01-24,959.5,967.5,959.5,964.5,2800
2022-01-25,971.5,971.5,955.5,956.0,23400
2022-01-26,963.0,970.0,957.0,961.5,2600
2022-01-27,961.5,961.5,940.0,940.0,6800
2022-01-28,940.0,947.0,929.0,938.5,10800
2022-01-31,941.0,960.0,940.0,955.5,2200
2022-02-01,964.0,966.5,950.5,950.5,2600
2022-02-02,959.0,961.5,955.0,961.5,3200
2022-02-03,964.0,970.0,963.0,963.0,4200
2022-02-04,964.5,969.5,961.5,961.5,4600
2022-02-07,978.0,978.0,962.0,972.5,8400
2022-02-08,966.5,978.0,966.5,974.0,3800
2022-02-09,974.0,977.5,963.0,969.0,5000
2022-02-10,965.0,966.5,952.0,961.0,9600
2022-02-14,973.0,974.0,962.5,974.0,6000
2022-02-15,974.0,974.0,960.5,960.5,5800
2022-02-16,973.0,973.0,962.5,968.5,4200
2022-02-17,974.0,974.0,970.0,970.0,1600
2022-02-18,970.0,974.0,967.0,972.5,3400
2022-02-21,969.5,974.0,960.5,974.0,6200
2022-02-22,972.5,973.5,966.0,969.0,3800
2022-02-24,969.0,969.5,957.5,964.0,7200
2022-02-25,958.0,964.0,950.5,958.5,17200
2022-02-28,955.5,969.0,953.0,960.5,12200
2022-03-01,969.5,974.0,965.0,970.5,8200
2022-03-02,968.0,973.5,967.0,967.0,6600
2022-03-03,967.5,971.0,959.5,965.0,9200
2022-03-04,951.0,955.5,941.0,943.5,27600
2022-03-07,938.5,944.0,927.5,928.0,12200
2022-03-08,925.0,933.5,925.0,931.5,12000
2022-03-09,926.5,931.0,915.5,917.0,14400
2022-03-10,924.0,931.0,920.5,929.0,12600
2022-03-11,948.5,948.5,913.0,917.0,29200
2022-03-14,911.5,923.5,911.5,923.5,27400
2022-03-15,923.5,940.5,923.5,940.5,9600
2022-03-16,940.5,948.0,940.5,948.0,19400
2022-03-17,948.0,957.5,946.5,957.5,19800
2022-03-18,945.5,964.5,945.5,964.5,69800
2022-03-22,950.0,974.0,944.0,966.5,57600
2022-03-23,951.5,973.5,951.0,969.5,29200
2022-03-24,950.0,962.5,946.5,962.5,37400
2022-03-25,950.0,950.5,947.0,950.0,102400
2022-03-28,950.0,950.0,945.0,950.0,70800
2022-03-29,950.0,968.5,945.0,968.5,76200
2022-03-30,943.5,945.0,931.0,935.0,34000
2022-03-31,935.0,944.0,935.0,942.0,10200
2022-04-01,942.0,942.0,927.5,938.0,12400
2022-04-04,940.5,940.5,933.5,933.5,6000
2022-04-05,930.0,935.5,924.0,928.5,10000
2022-04-06,923.0,929.5,921.0,926.0,6000
2022-04-07,921.0,925.0,912.0,912.0,7200
2022-04-08,912.0,912.0,900.5,906.5,14000
2022-04-11,900.5,907.5,900.0,901.0,8800
2022-04-12,901.0,903.5,901.0,901.5,3400
2022-04-13,899.5,903.5,895.5,899.5,10200
2022-04-14,902.5,923.5,902.5,923.5,9000
2022-04-15,910.5,922.5,910.5,922.5,2800
2022-04-18,911.5,915.5,907.0,907.0,5600
2022-04-19,907.5,917.5,907.5,913.5,2600
2022-04-20,913.5,913.5,905.0,912.5,4800
2022-04-21,912.5,922.0,912.5,919.5,4800
2022-04-22,919.5,920.0,908.0,920.0,8000
2022-04-25,920.0,920.0,900.0,900.0,8000
2022-04-26,900.5,905.0,900.5,903.5,2600
2022-04-27,900.5,904.5,892.5,892.5,11800
2022-04-28,892.5,918.5,892.5,902.0,6000
2022-05-02,899.5,906.0,895.5,895.5,8200
2022-05-06,895.5,918.0,895.5,916.5,8400
2022-05-09,920.5,920.5,905.5,912.5,5000
2022-05-10,905.0,906.0,900.0,900.0,5000
2022-05-11,900.5,908.0,892.0,892.0,4800
2022-05-12,890.5,899.0,890.5,893.0,10400
2022-05-13,898.0,916.5,898.0,916.5,8800
2022-05-16,918.5,919.5,915.5,919.0,4400
2022-05-17,918.5,918.5,912.5,914.5,4800
2022-05-18,914.0,918.5,913.5,915.0,5200
2022-05-19,902.5,913.5,902.5,905.5,6800
2022-05-20,905.5,920.5,905.5,910.0,16000
2022-05-23,908.0,916.5,908.0,915.0,9600
2022-05-24,915.0,915.0,909.5,911.0,3600
2022-05-25,911.0,920.0,911.0,918.5,2400
2022-05-26,915.0,919.0,912.5,919.0,5400
2022-05-27,918.5,927.5,916.0,921.0,6000
2022-05-30,922.5,927.5,918.0,918.0,10800
2022-05-31,918.0,925.0,918.0,925.0,4200
2022-06-01,920.0,932.0,920.0,932.0,4400
2022-06-02,932.0,933.5,925.5,933.5,6600
2022-06-03,932.5,934.0,929.0,934.0,2400
2022-06-06,934.0,934.0,928.5,931.5,5200
2022-06-07,930.0,931.5,928.5,928.5,4200
2022-06-08,930.0,943.5,930.0,939.5,6200
2022-06-09,935.0,937.0,931.0,931.5,5800
2022-06-10,925.0,930.5,922.0,922.0,7400
2022-06-13,920.0,920.0,904.0,905.5,8400
2022-06-14,905.5,916.5,902.5,902.5,7200
2022-06-15,902.5,910.0,890.5,890.5,12200
2022-06-16,892.0,902.0,892.0,901.5,4200
2022-06-17,893.5,897.0,885.0,891.0,12000
2022-06-20,895.0,895.0,877.5,877.5,31400
2022-06-21,878.0,897.5,878.0,897.5,8000
2022-06-22,897.5,897.5,878.5,883.0,7400
2022-06-23,880.5,884.5,877.5,877.5,5200
2022-06-24,878.5,885.0,878.5,879.5,3600
2022-06-27,882.0,890.0,882.0,890.0,7000
2022-06-28,889.5,898.0,888.5,897.5,6000
2022-06-29,888.5,897.5,882.0,882.0,10600
2022-06-30,882.5,899.5,882.5,884.0,5800
2022-07-01,897.0,897.0,889.0,894.5,9000
2022-07-04,897.5,899.5,893.0,898.5,4200
2022-07-05,895.0,898.5,893.0,897.5,3800
2022-07-06,897.0,897.5,893.5,893.5,3800
2022-07-07,893.0,896.5,890.0,893.0,5000
2022-07-08,891.0,897.0,891.0,892.0,8000
2022-07-11,893.0,897.0,885.5,891.0,11000
2022-07-12,887.5,890.0,886.0,886.0,4200
2022-07-13,886.0,889.0,886.0,887.0,1600
2022-07-14,886.0,896.5,886.0,888.0,1600
2022-07-15,885.0,887.5,882.5,883.0,8400
2022-07-19,883.5,954.5,883.5,895.5,59000
2022-07-20,904.5,916.5,896.0,911.5,22200
2022-07-21,911.5,911.5,893.0,907.0,7000
2022-07-22,907.0,907.0,902.0,903.0,7800
2022-07-25,909.5,909.5,902.0,906.0,3400
2022-07-26,906.0,907.5,902.5,907.5,2400
2022-07-27,907.5,909.5,905.5,906.0,4200
2022-07-28,906.0,910.5,903.0,906.5,6800
2022-07-29,903.0,905.5,902.5,903.0,3600
2022-08-01,903.0,911.5,903.0,911.5,5600
2022-08-02,911.5,911.5,903.5,906.5,3400
2022-08-03,906.5,911.5,903.0,906.0,5000
2022-08-04,906.0,910.0,904.5,904.5,6600
2022-08-05,904.5,909.5,904.5,906.0,5000
2022-08-08,915.0,929.0,911.5,927.5,25200
2022-08-09,920.5,924.5,917.5,917.5,8200
2022-08-10,917.0,938.5,917.0,933.5,11400
2022-08-12,933.5,949.5,930.0,949.5,29600
2022-08-15,948.5,957.0,943.0,955.0,17600
2022-08-16,948.5,955.0,948.0,951.5,12400
2022-08-17,970.0,970.0,952.0,952.0,40200
2022-08-18,955.0,955.0,947.5,949.5,20200
2022-08-19,954.0,958.0,954.0,955.5,6200
2022-08-22,955.0,955.0,951.5,954.5,2800
2022-08-23,949.0,954.5,949.0,949.0,8400
2022-08-24,949.0,950.0,947.5,948.0,6800
2022-08-25,949.0,970.0,947.0,953.0,18200
2022-08-26,953.0,955.0,950.5,950.5,11600
2022-08-29,948.5,949.0,939.0,945.5,21800
2022-08-30,945.5,950.5,945.5,950.5,4000
2022-08-31,950.5,951.0,944.0,947.5,9600
2022-09-01,947.5,947.5,940.5,941.5,16000
2022-09-02,941.5,942.0,934.0,934.0,17000
2022-09-05,934.0,939.0,934.0,935.0,6600
2022-09-06,935.5,942.5,935.5,938.0,8600
2022-09-07,935.0,938.0,932.0,932.0,9400
2022-09-08,939.0,939.0,931.0,931.0,14800
2022-09-09,930.5,937.0,930.5,931.0,20400
2022-09-12,937.5,947.0,934.0,938.5,13200
2022-09-13,940.0,945.5,940.0,943.0,3600
2022-09-14,940.5,948.5,936.5,941.0,10600
2022-09-15,946.5,949.5,942.0,943.0,13800
2022-09-16,943.0,943.5,934.5,934.5,12600
2022-09-20,944.0,944.0,938.5,942.5,10800
2022-09-21,942.5,943.0,934.5,934.5,7200
2022-09-22,931.0,938.0,931.0,933.5,6400
2022-09-26,931.0,943.0,931.0,931.5,13000
2022-09-27,938.5,938.5,925.0,925.0,14200
2022-09-28,925.0,928.5,920.0,927.0,17400
2022-09-29,925.0,937.0,925.0,932.0,11200
2022-09-30,932.0,933.0,922.5,927.0,5000
2022-10-03,922.5,922.5,916.5,919.0,3600
2022-10-04,919.5,925.0,916.5,921.0,13600
2022-10-05,926.5,931.0,924.5,924.5,5200
2022-10-06,921.5,926.5,918.0,926.5,14400
2022-10-07,923.5,924.5,920.5,921.0,8400
2022-10-11,915.0,921.0,908.5,909.0,20600
2022-10-12,909.0,912.0,904.0,909.0,10600
2022-10-13,906.5,906.5,888.5,893.5,42600
2022-10-14,898.5,908.5,890.5,906.5,28400
2022-10-17,905.0,910.0,899.5,906.5,18000
2022-10-18,907.5,911.0,895.0,901.0,19600
2022-10-19,898.5,921.5,895.0,907.5,41800
2022-10-20,902.5,907.0,898.5,898.5,9000
2022-10-21,899.5,902.0,897.5,902.0,11800
2022-10-24,905.0,919.5,896.5,919.5,40200
2022-10-25,903.0,914.5,897.5,905.5,105600
2022-10-26,912.0,916.0,905.0,916.0,28800
2022-10-27,913.5,913.5,906.0,906.0,18400
2022-10-28,908.0,910.5,898.0,898.0,54800
2022-10-31,911.5,911.5,898.5,900.0,14800
2022-11-01,904.5,906.5,900.5,901.0,10600
2022-11-02,901.0,906.0,901.0,905.5,7800
2022-11-04,905.5,906.0,898.5,898.5,23200
2022-11-07,907.0,907.0,898.0,904.0,21000
2022-11-08,902.0,908.0,899.0,904.0,25600
2022-11-09,917.0,917.0,901.5,906.5,21400
2022-11-10,906.5,909.0,903.5,904.0,12000
2022-11-11,911.0,911.5,903.0,906.0,8800
2022-11-14,906.0,907.5,899.5,900.5,21800
2022-11-15,901.0,904.5,900.5,902.0,15800
2022-11-16,904.0,904.5,898.5,902.0,16800
2022-11-17,900.0,903.0,899.5,903.0,14600
2022-11-18,903.0,904.5,901.5,902.0,16000
2022-11-21,902.0,906.0,902.0,903.0,15800
2022-11-22,907.5,915.5,907.5,914.0,31200
2022-11-24,918.0,929.0,912.5,928.0,46400
2022-11-25,928.0,931.5,925.0,927.5,28600
2022-11-28,928.5,929.5,926.0,927.0,19400
2022-11-29,930.0,935.5,924.5,929.0,27400
2022-11-30,933.5,933.5,920.0,921.5,11400
2022-12-01,930.0,930.0,914.5,916.0,13200
2022-12-02,923.0,923.0,910.0,913.5,16400
2022-12-05,911.5,917.5,910.5,911.0,8600
2022-12-06,910.5,920.0,910.5,912.0,6800
2022-12-07,912.5,920.0,912.5,916.0,5400
2022-12-08,913.5,917.5,912.5,915.5,9600
2022-12-09,915.5,920.5,913.5,920.0,8000
2022-12-12,920.0,928.5,918.5,924.0,16200
2022-12-13,923.5,930.0,923.5,926.5,7200
2022-12-14,926.5,934.0,923.0,932.5,11000
2022-12-15,932.5,938.0,930.0,936.0,8800
2022-12-16,938.0,962.5,937.0,958.0,53400
2022-12-19,967.0,997.5,958.0,983.0,72200
2022-12-20,983.0,983.5,935.0,941.5,36400
2022-12-21,941.5,941.5,923.0,927.5,24000
2022-12-22,932.5,945.0,932.5,933.0,14600
2022-12-23,933.5,942.0,930.0,941.5,9400
2022-12-26,942.0,953.0,942.0,949.5,6200
2022-12-27,951.0,954.5,950.0,953.5,15800
2022-12-28,953.5,956.5,950.0,952.0,16800
2022-12-29,952.0,956.5,951.0,956.5,12200
2022-12-30,955.5,967.0,955.5,959.0,16600
2023-01-04,966.5,966.5,956.5,957.0,12200
2023-01-05,956.5,961.5,950.5,950.5,10000
2023-01-06,952.5,960.0,952.5,956.0,9600
2023-01-10,960.0,967.5,954.0,956.0,16400
2023-01-11,958.0,966.0,958.0,966.0,10600
2023-01-12,960.0,965.5,951.0,951.0,26400
2023-01-13,951.0,967.5,951.0,963.0,32800
2023-01-16,960.0,969.0,960.0,963.0,15200
2023-01-17,966.5,970.0,961.0,966.0,15800
2023-01-18,965.5,970.0,965.5,970.0,14600
2023-01-19,969.0,969.0,958.5,961.5,15600
2023-01-20,965.0,979.0,965.0,978.0,22800
2023-01-23,980.0,993.5,978.5,989.5,15600
2023-01-24,985.0,993.0,977.5,982.0,16600
2023-01-25,986.0,986.0,980.5,980.5,10800
2023-01-26,980.5,980.5,966.0,979.5,20000
2023-01-27,980.0,989.0,978.0,987.5,28600
2023-01-30,991.0,1013.0,991.0,1006.0,60000
2023-01-31,1009.5,1022.5,985.0,991.5,50400
2023-02-01,992.5,1006.0,992.5,1004.0,11600
2023-02-02,1004.0,1007.0,995.5,1001.5,15800
2023-02-03,1001.5,1001.5,981.5,992.0,31200
2023-02-06,994.0,1006.0,991.5,1006.0,20000
2023-02-07,1000.0,1006.0,1000.0,1002.0,24600
2023-02-08,1003.5,1004.5,994.0,1004.5,16600
2023-02-09,1002.5,1010.0,1002.5,1009.5,12800
2023-02-10,1006.0,1006.0,988.0,997.0,26200
2023-02-13,997.0,1000.0,981.0,985.0,25400
2023-02-14,988.5,996.5,983.0,992.5,37000
2023-02-15,992.5,992.5,987.5,989.0,7800
2023-02-16,992.5,1005.0,992.5,1002.5,13000
2023-02-17,994.0,997.5,991.0,991.0,23200
2023-02-20,996.5,1011.0,996.5,1011.0,16200
2023-02-21,1010.0,1021.5,1007.5,1017.0,15000
2023-02-22,1020.0,1020.0,1003.0,1008.0,38200
2023-02-24,1008.0,1041.0,1008.0,1033.0,32200
2023-02-27,1042.0,1061.0,1042.0,1053.0,27400
2023-02-28,1053.5,1057.0,1036.5,1038.0,17800
2023-03-01,1035.5,1058.0,1035.0,1058.0,22200
2023-03-02,1042.5,1057.5,1034.0,1041.5,19800
2023-03-03,1045.0,1076.5,1045.0,1071.5,62800
2023-03-06,1074.5,1078.5,1066.0,1078.5,26400
2023-03-07,1084.5,1084.5,1079.5,1081.0,21200
2023-03-08,1185.0,1189.0,1150.5,1152.5,352200
2023-03-09,1167.5,1170.0,1143.0,1151.0,109000
2023-03-10,1144.0,1157.5,1136.5,1149.0,58800
2023-03-13,1136.5,1136.5,1111.0,1125.0,54200
2023-03-14,1117.0,1117.0,1087.5,1095.0,47600
2023-03-15,1107.5,1121.0,1103.0,1112.0,31800
2023-03-16,1085.0,1104.5,1082.5,1100.0,33200
2023-03-17,1095.0,1119.0,1095.0,1117.5,26800
2023-03-20,1120.5,1122.5,1094.0,1094.0,50800
2023-03-22,1112.0,1124.0,1112.0,1123.0,24200
2023-03-23,1119.5,1142.5,1112.0,1142.5,37800
2023-03-24,1142.5,1142.5,1122.0,1126.0,69800
2023-03-27,1132.0,1139.0,1117.0,1130.5,50800
2023-03-28,1130.5,1134.0,1120.5,1127.0,46800
2023-03-29,1125.0,1126.0,1113.5,1125.0,90400
2023-03-30,1087.0,1130.0,1086.5,1126.0,58400
2023-03-31,1125.5,1140.0,1117.5,1131.5,29000
2023-04-03,1133.0,1133.0,1108.0,1120.0,50600
2023-04-04,1110.0,1123.5,1106.0,1123.5,27000
2023-04-05,1113.0,1113.0,1075.5,1076.5,47400
2023-04-06,1066.5,1081.0,1062.5,1065.5,30200
2023-04-07,1069.0,1074.0,1063.0,1069.5,17400
2023-04-10,1080.0,1085.0,1069.5,1075.5,13000
2023-04-11,1087.0,1091.5,1073.5,1089.5,28000
2023-04-12,1089.5,1099.5,1085.5,1099.0,18800
2023-04-13,1099.0,1103.0,1090.0,1102.0,24200
2023-04-14,1105.0,1126.0,1105.0,1123.5,27000
2023-04-17,1115.0,1119.0,1107.5,1115.5,21200
2023-04-18,1113.0,1124.0,1109.0,1112.5,22800
2023-04-19,1110.0,1122.0,1110.0,1118.5,26000
2023-04-20,1118.5,1130.5,1115.0,1127.5,17600
2023-04-21,1127.5,1131.0,1120.5,1127.0,14600
2023-04-24,1122.5,1142.5,1122.5,1137.5,22800
2023-04-25,1144.0,1160.0,1144.0,1154.5,56000
2023-04-26,1154.5,1154.5,1130.0,1134.0,26000
2023-04-27,1128.5,1145.5,1128.5,1145.5,80600
2023-04-28,1152.5,1167.5,1149.5,1163.5,41600
2023-05-01,1168.0,1175.0,1163.0,1175.0,12200
2023-05-02,1175.0,1175.5,1165.0,1171.5,12000
2023-05-08,1165.5,1174.5,1161.0,1170.5,17000
2023-05-09,1175.5,1176.5,1167.5,1172.0,14400
2023-05-10,1166.5,1175.0,1159.0,1160.5,15000
2023-05-11,1160.5,1180.0,1159.0,1174.0,21800
2023-05-12,1099.0,1111.0,1079.0,1102.5,75000
2023-05-15,1103.5,1104.5,1092.5,1100.0,28200
2023-05-16,1100.0,1100.0,1081.5,1087.0,30600
2023-05-17,1087.5,1087.5,1064.5,1076.5,35600
2023-05-18,1073.0,1082.0,1071.0,1072.5,26200
2023-05-19,1072.5,1084.0,1072.0,1073.5,20400
2023-05-22,1073.5,1093.0,1073.5,1089.0,25200
2023-05-23,1095.5,1106.0,1072.5,1074.0,18200
2023-05-24,1069.5,1085.5,1069.5,1076.5,13600
2023-05-25,1076.5,1080.5,1069.5,1073.5,12000
2023-05-26,1069.0,1073.0,1058.5,1058.5,16000
2023-05-29,1062.5,1078.0,1062.5,1068.0,20400
2023-05-30,1068.0,1068.0,1056.5,1058.0,9200
2023-05-31,1062.5,1065.0,1023.0,1029.5,41200
2023-06-01,1032.0,1054.0,1028.0,1043.5,22800
2023-06-02,1043.5,1052.5,1042.5,1048.0,15400
2023-06-05,1062.0,1071.0,1059.0,1065.5,17800
2023-06-06,1062.5,1067.5,1060.5,1067.5,5000
2023-06-07,1067.5,1076.0,1058.5,1059.5,21000
2023-06-08,1056.0,1066.5,1054.0,1055.5,14200
2023-06-09,1059.5,1068.5,1059.0,1063.0,24800
2023-06-12,1064.0,1094.5,1064.0,1080.5,12800
2023-06-13,1080.5,1092.5,1075.5,1084.5,23400
2023-06-14,1094.5,1094.5,1083.5,1085.0,10400
2023-06-15,1093.0,1093.0,1080.0,1091.0,6000
2023-06-16,1089.5,1097.5,1077.5,1088.0,23800
2023-06-19,1085.0,1088.0,1074.5,1083.0,10800
2023-06-20,1087.5,1087.5,1075.5,1086.0,7400
2023-06-21,1086.0,1092.5,1084.5,1088.5,5200
2023-06-22,1091.0,1099.0,1082.5,1082.5,14400
2023-06-23,1091.0,1091.0,1068.0,1071.5,14400
2023-06-26,1075.0,1083.5,1061.0,1071.0,9800
2023-06-27,1079.0,1079.0,1065.0,1067.5,4000
2023-06-28,1071.0,1092.5,1069.5,1092.5,12400
2023-06-29,1092.5,1092.5,1082.5,1086.5,8600
2023-06-30,1091.0,1095.5,1078.5,1091.5,15800
2023-07-03,1091.5,1110.0,1089.0,1110.0,30800
2023-07-04,1119.5,1119.5,1098.0,1102.0,14000
2023-07-05,1097.0,1097.0,1078.5,1093.0,18000
2023-07-06,1093.0,1096.0,1084.5,1084.5,12200
2023-07-07,1081.5,1090.0,1071.5,1085.5,17800
2023-07-10,1082.0,1092.0,1078.0,1089.5,18800
2023-07-11,1105.5,1105.5,1063.0,1073.0,29000
2023-07-12,1073.0,1083.0,1055.5,1060.0,24800
2023-07-13,1071.0,1071.0,1055.5,1060.0,17400
2023-07-14,1085.0,1085.5,1061.0,1073.0,20600
2023-07-18,1068.0,1084.0,1065.5,1070.5,13200
2023-07-19,1070.5,1083.5,1070.5,1079.0,15200
2023-07-20,1069.0,1083.5,1069.0,1079.0,7000
2023-07-21,1073.5,1080.0,1070.5,1070.5,12000
2023-07-24,1079.0,1083.0,1071.0,1083.0,11800
2023-07-25,1083.5,1084.5,1076.0,1079.5,10200
2023-07-26,1083.5,1083.5,1073.0,1073.5,8600
2023-07-27,1073.5,1078.0,1071.5,1073.5,8000
2023-07-28,1071.5,1084.0,1062.5,1084.0,82400
2023-07-31,1089.0,1092.5,1084.5,1085.5,14400
2023-08-01,1084.0,1091.0,1084.0,1088.5,7800
2023-08-02,1078.5,1086.0,1077.0,1077.0,10400
2023-08-03,1068.5,1069.0,1056.5,1060.0,19600
2023-08-04,1056.5,1074.5,1055.0,1074.5,10200
2023-08-07,1074.5,1098.0,1074.5,1094.0,17800
2023-08-08,1079.0,1079.0,1051.5,1070.5,32800
2023-08-09,1061.0,1069.5,1055.5,1058.0,15600
2023-08-10,1062.5,1067.0,1059.0,1061.0,11200
2023-08-14,1060.5,1062.5,1047.5,1049.0,21800
2023-08-15,1046.0,1048.0,1040.0,1040.5,16600
2023-08-16,1040.5,1047.5,1039.0,1039.0,10400
2023-08-17,1037.5,1050.0,1027.5,1037.0,12800
2023-08-18,1030.0,1045.5,1028.5,1039.5,11000
2023-08-21,1033.0,1044.5,1032.5,1032.5,15800
2023-08-22,1042.0,1051.5,1042.0,1045.5,19400
2023-08-23,1045.0,1056.0,1044.5,1052.0,20200
2023-08-24,1056.5,1056.5,1045.0,1052.0,9800
2023-08-25,1057.0,1057.0,1052.5,1056.0,4000
2023-08-28,1060.0,1064.5,1058.0,1058.0,6200
2023-08-29,1062.5,1075.5,1062.5,1075.5,10400
2023-08-30,1075.5,1076.5,1066.0,1066.5,6000
2023-08-31,1071.5,1071.5,1064.0,1068.5,8000
2023-09-01,1069.0,1082.0,1054.5,1082.0,35000
2023-09-04,1084.5,1100.5,1084.0,1093.0,14600
2023-09-05,1093.0,1095.5,1086.0,1095.5,7800
2023-09-06,1095.5,1108.0,1091.0,1106.0,17000
2023-09-07,1107.5,1115.0,1106.0,1115.0,15000
2023-09-08,1115.0,1116.0,1102.0,1103.5,14400
2023-09-11,1114.0,1114.0,1094.5,1103.5,10400
2023-09-12,1103.5,1114.5,1095.0,1114.5,14800
2023-09-13,1114.5,1129.0,1104.5,1126.5,23400
2023-09-14,1132.0,1132.0,1112.0,1115.5,20000
2023-09-15,1125.5,1132.5,1098.5,1114.0,69400
2023-09-19,1116.0,1149.5,1116.0,1144.0,32800
2023-09-20,1145.5,1153.0,1125.5,1127.5,33000
2023-09-21,1120.0,1142.5,1120.0,1130.5,12400
2023-09-22,1121.0,1134.0,1120.0,1126.5,10200
2023-09-25,1138.0,1143.0,1126.5,1127.0,13400
2023-09-26,1136.0,1138.5,1125.5,1130.5,13200
2023-09-27,1130.0,1140.0,1121.0,1140.0,10600
2023-09-28,1137.0,1145.5,1128.5,1132.0,25600
2023-09-29,1132.0,1135.0,1112.5,1117.5,14200
2023-10-02,1115.0,1134.5,1114.0,1115.0,46800
2023-10-03,1122.5,1122.5,1075.5,1075.5,37200
2023-10-04,1068.5,1075.5,1051.0,1051.0,37600
2023-10-05,1065.5,1088.5,1065.5,1084.5,25400
2023-10-06,1095.5,1099.0,1086.0,1086.0,14200
2023-10-10,1088.0,1088.0,1067.5,1074.5,43800
2023-10-11,1079.5,1084.0,1056.0,1057.5,23600
2023-10-12,1057.5,1078.5,1057.0,1071.0,19000
2023-10-13,1071.0,1071.5,1053.0,1057.0,12800
2023-10-16,1062.5,1062.5,1044.0,1048.0,18000
2023-10-17,1050.5,1066.5,1048.0,1053.0,14000
2023-10-18,1060.0,1060.0,1048.0,1058.5,9600
2023-10-19,1051.5,1060.5,1051.5,1054.0,10000
2023-10-20,1054.0,1054.0,1030.0,1047.5,28000
2023-10-23,1052.0,1053.0,1037.0,1043.5,21600
2023-10-24,1044.5,1044.5,1003.5,1021.0,72400
2023-10-25,1027.5,1037.0,1025.0,1026.0,17000
2023-10-26,1024.5,1032.0,1015.0,1017.0,16600
2023-10-27,1020.0,1040.0,1020.0,1038.5,14000
2023-10-30,1038.0,1047.5,993.5,993.5,90200
2023-10-31,1005.0,1018.0,1002.0,1012.0,33000
2023-11-01,1020.0,1021.0,1008.0,1021.0,22600
2023-11-02,1027.5,1027.5,1005.5,1011.5,26000
2023-11-06,1028.5,1028.5,1015.0,1019.0,18600
2023-11-07,1015.5,1019.0,1012.0,1018.0,14000
2023-11-08,1021.0,1021.0,1001.5,1012.0,18400
2023-11-09,1012.0,1028.0,1007.5,1024.5,16000
2023-11-10,1014.0,1025.5,1014.0,1018.5,22200
2023-11-13,1029.0,1030.0,1018.5,1018.5,17200
2023-11-14,1020.0,1026.5,1019.5,1026.0,14800
2023-11-15,1028.0,1028.0,1010.5,1020.5,16600
2023-11-16,1027.5,1027.5,1015.0,1018.0,9200
2023-11-17,1012.5,1028.0,1012.5,1024.5,11200
2023-11-20,1024.5,1030.5,1017.5,1018.0,10800
2023-11-21,1020.5,1023.5,1015.0,1016.0,8400
2023-11-22,1019.0,1027.0,1019.0,1023.5,5000
2023-11-24,1030.5,1032.0,1023.0,1029.5,12200
2023-11-27,1033.5,1035.0,1025.0,1025.0,16000
2023-11-28,1027.5,1036.0,1023.0,1033.5,13400
2023-11-29,1033.5,1037.0,1031.0,1031.0,7200
2023-11-30,1031.0,1037.5,1029.0,1029.0,29800
2023-12-01,1029.0,1034.5,1028.5,1028.5,12200
2023-12-04,1030.0,1031.5,1023.0,1031.5,6800
2023-12-05,1024.5,1025.0,1018.0,1019.0,18600
2023-12-06,1020.5,1038.0,1020.5,1038.0,14200
2023-12-07,1028.0,1033.0,1025.5,1027.0,6200
2023-12-08,1031.5,1033.0,1016.5,1016.5,20000
2023-12-11,1023.0,1025.5,1017.0,1025.5,9600
2023-12-12,1025.0,1030.0,1021.5,1026.5,11600
2023-12-13,1019.0,1029.5,1019.0,1022.0,10800
2023-12-14,1022.0,1025.5,1015.5,1017.0,12600
2023-12-15,1018.5,1026.0,1018.5,1021.0,7800
2023-12-18,1018.5,1020.0,1013.0,1017.5,9200
2023-12-19,1017.5,1028.0,1014.0,1023.0,10400
2023-12-20,1023.0,1028.5,1023.0,1024.0,6400
2023-12-21,1020.5,1027.0,1020.0,1022.5,7200
2023-12-22,1022.5,1034.5,1019.5,1028.5,11400
2023-12-25,1036.5,1036.5,1025.5,1035.0,23200
2023-12-26,1033.0,1042.0,1033.0,1040.0,11200
2023-12-27,1041.5,1060.5,1039.5,1060.5,9800
2023-12-28,1060.5,1068.0,1051.5,1065.5,8200
2023-12-29,1065.5,1069.5,1056.5,1067.5,14000
2024-01-04,1085.0,1094.5,1074.5,1094.5,19000
2024-01-05,1100.0,1100.0,1095.0,1098.5,5400
2024-01-09,1095.0,1109.0,1091.0,1092.5,15200
2024-01-10,1108.0,1108.0,1094.0,1101.5,10000
2024-01-11,1106.5,1107.0,1091.0,1091.0,13200
2024-01-12,1088.5,1089.0,1067.5,1070.0,32200
2024-01-15,1070.0,1083.5,1070.0,1083.5,5400
2024-01-16,1070.0,1083.5,1070.0,1070.5,15800
2024-01-17,1070.5,1080.0,1062.5,1062.5,19600
2024-01-18,1068.0,1085.0,1068.0,1082.5,19200
2024-01-19,1083.0,1089.0,1077.0,1082.0,18400
2024-01-22,1117.5,1117.5,1092.5,1103.0,26600
2024-01-23,1107.5,1111.0,1095.0,1095.0,15600
2024-01-24,1097.5,1099.5,1090.0,1097.0,11400
2024-01-25,1107.0,1107.5,1096.0,1096.0,14000
2024-01-26,1094.0,1099.5,1092.0,1092.0,13200
2024-01-29,1106.5,1107.5,1093.0,1107.5,15800
2024-01-30,1115.5,1115.5,1095.0,1097.5,58200
2024-01-31,1098.0,1112.5,1098.0,1111.5,12800
2024-02-01,1111.5,1118.5,1106.5,1111.0,6200
2024-02-02,1111.0,1120.0,1104.5,1120.0,10200
2024-02-05,1120.0,1120.0,1107.0,1115.0,9400
2024-02-06,1115.0,1117.0,1105.0,1105.0,7800
2024-02-07,1105.0,1115.0,1105.0,1108.0,13800
2024-02-08,1108.0,1121.0,1102.5,1120.5,18000
2024-02-09,1203.0,1209.0,1181.0,1188.0,91600
2024-02-13,1197.5,1216.0,1193.5,1203.0,57600
2024-02-14,1202.0,1211.0,1197.0,1202.0,24200
2024-02-15,1210.5,1212.5,1191.0,1193.5,26400
2024-02-16,1200.0,1207.5,1194.0,1200.5,15000
2024-02-19,1204.0,1214.5,1202.0,1214.5,17600
2024-02-20,1216.5,1247.0,1216.5,1229.0,23600
2024-02-21,1231.0,1242.5,1227.0,1240.0,15800
2024-02-22,1242.0,1270.0,1235.0,1270.0,18200
2024-02-26,1270.0,1295.0,1270.0,1292.0,41800
2024-02-27,1285.5,1302.5,1285.5,1297.5,18800
2024-02-28,1306.5,1313.5,1299.5,1307.0,14400
2024-02-29,1306.0,1313.0,1291.0,1297.5,23600
2024-03-01,1294.0,1334.0,1293.0,1334.0,38800
2024-03-04,1390.0,1448.0,1356.5,1370.5,145800
2024-03-05,1365.0,1379.5,1355.5,1377.0,28400
2024-03-06,1374.0,1381.0,1348.0,1372.5,37000
2024-03-07,1378.5,1384.5,1360.0,1360.5,37000
2024-03-08,1359.0,1389.5,1355.0,1377.0,25000
2024-03-11,1350.0,1373.5,1311.5,1316.5,60600
2024-03-12,1308.0,1330.5,1293.5,1330.5,33000
2024-03-13,1341.5,1341.5,1294.0,1306.5,24000
2024-03-14,1306.5,1320.0,1299.5,1320.0,16800
2024-03-15,1320.0,1320.0,1307.5,1309.0,18200
2024-03-18,1314.0,1330.0,1310.5,1311.5,21000
2024-03-19,1306.0,1310.0,1285.5,1290.5,48400
2024-03-21,1304.5,1315.0,1292.5,1315.0,51400
2024-03-22,1308.5,1323.0,1302.5,1315.0,28000
2024-03-25,1320.0,1331.0,1315.5,1322.0,26800
2024-03-26,1321.0,1344.0,1320.0,1339.0,25600
2024-03-27,1339.0,1350.0,1332.5,1343.0,75000
2024-03-28,1299.0,1303.0,1281.0,1283.0,44100
2024-03-29,1283.0,1295.0,1260.0,1280.0,20800
2024-04-01,1285.0,1287.0,1237.0,1237.0,44200
2024-04-02,1238.0,1257.0,1233.0,1233.0,28200
2024-04-03,1230.0,1260.0,1227.0,1255.0,17300
2024-04-04,1255.0,1267.0,1244.0,1255.0,18900
2024-04-05,1240.0,1245.0,1225.0,1244.0,23900
2024-04-08,1246.0,1246.0,1221.0,1226.0,20000
2024-04-09,1225.0,1233.0,1213.0,1223.0,28100
2024-04-10,1224.0,1242.0,1224.0,1229.0,20600
2024-04-11,1226.0,1245.0,1220.0,1245.0,20500
2024-04-12,1238.0,1240.0,1226.0,1232.0,15400
2024-04-15,1216.0,1230.0,1216.0,1228.0,17500
2024-04-16,1225.0,1231.0,1205.0,1205.0,27500
2024-04-17,1205.0,1205.0,1158.0,1189.0,44600
2024-04-18,1186.0,1214.0,1186.0,1214.0,18500
2024-04-19,1210.0,1210.0,1175.0,1188.0,28600
2024-04-22,1191.0,1208.0,1191.0,1208.0,20700
2024-04-23,1209.0,1216.0,1200.0,1210.0,14000
2024-04-24,1208.0,1212.0,1201.0,1208.0,13100
2024-04-25,1215.0,1237.0,1204.0,1231.0,28800
2024-04-26,1230.0,1233.0,1210.0,1223.0,90800
2024-04-30,1239.0,1265.0,1235.0,1257.0,34700
2024-05-01,1258.0,1265.0,1253.0,1263.0,10300
2024-05-02,1263.0,1275.0,1263.0,1267.0,11900
2024-05-07,1278.0,1279.0,1261.0,1261.0,13000
2024-05-08,1262.0,1262.0,1245.0,1245.0,15600
2024-05-09,1250.0,1257.0,1245.0,1256.0,12400
2024-05-10,1247.0,1247.0,1217.0,1217.0,24700
2024-05-13,1178.0,1179.0,1123.0,1123.0,103200
2024-05-14,1124.0,1139.0,1117.0,1122.0,33600
2024-05-15,1123.0,1131.0,1110.0,1110.0,28700
2024-05-16,1113.0,1116.0,1080.0,1110.0,49000
2024-05-17,1101.0,1119.0,1097.0,1103.0,22100
2024-05-20,1103.0,1135.0,1103.0,1125.0,18700
2024-05-21,1135.0,1141.0,1120.0,1127.0,16100
2024-05-22,1126.0,1129.0,1115.0,1117.0,16600
2024-05-23,1117.0,1119.0,1110.0,1110.0,11400
2024-05-24,1108.0,1129.0,1108.0,1121.0,12000
2024-05-27,1122.0,1122.0,1111.0,1121.0,9600
2024-05-28,1124.0,1130.0,1120.0,1120.0,8100
2024-05-29,1119.0,1119.0,1096.0,1101.0,16200
2024-05-30,1091.0,1101.0,1084.0,1101.0,15100
2024-05-31,1102.0,1117.0,1101.0,1114.0,5400
2024-06-03,1120.0,1127.0,1120.0,1121.0,6300
2024-06-04,1122.0,1140.0,1121.0,1128.0,13100
2024-06-05,1132.0,1133.0,1122.0,1123.0,7700
2024-06-06,1121.0,1121.0,1106.0,1109.0,7300
2024-06-07,1109.0,1114.0,1105.0,1108.0,6500
2024-06-10,1109.0,1133.0,1109.0,1128.0,23600
2024-06-11,1124.0,1137.0,1124.0,1132.0,8600
2024-06-12,1133.0,1142.0,1128.0,1135.0,13400
2024-06-13,1134.0,1134.0,1105.0,1106.0,16000
2024-06-14,1108.0,1126.0,1108.0,1126.0,11400
2024-06-17,1120.0,1120.0,1093.0,1096.0,18100
2024-06-18,1107.0,1109.0,1100.0,1107.0,5000
2024-06-19,1105.0,1113.0,1100.0,1106.0,7700
2024-06-20,1105.0,1111.0,1098.0,1108.0,8800
2024-06-21,1108.0,1113.0,1107.0,1113.0,5300
2024-06-24,1111.0,1118.0,1109.0,1115.0,7900
2024-06-25,1116.0,1135.0,1115.0,1134.0,11000
2024-06-26,1135.0,1147.0,1130.0,1147.0,9600
2024-06-27,1138.0,1148.0,1138.0,1139.0,5900
2024-06-28,1136.0,1144.0,1135.0,1136.0,5200
2024-07-01,1136.0,1150.0,1136.0,1143.0,10000
2024-07-02,1143.0,1146.0,1139.0,1146.0,6300
2024-07-03,1140.0,1145.0,1125.0,1125.0,18700
2024-07-04,1125.0,1127.0,1120.0,1120.0,9600
2024-07-05,1141.0,1141.0,1118.0,1119.0,15200
2024-07-08,1121.0,1121.0,1108.0,1113.0,17100
2024-07-09,1108.0,1114.0,1098.0,1105.0,39000
2024-07-10,1101.0,1101.0,1083.0,1083.0,39500
2024-07-11,1092.0,1104.0,1087.0,1104.0,22600
2024-07-12,1095.0,1106.0,1094.0,1100.0,11700
2024-07-16,1105.0,1117.0,1102.0,1111.0,19900
2024-07-17,1114.0,1120.0,1112.0,1113.0,7800
2024-07-18,1106.0,1123.0,1106.0,1122.0,13100
2024-07-19,1112.0,1117.0,1108.0,1112.0,15500
2024-07-22,1112.0,1116.0,1106.0,1116.0,12100
2024-07-23,1116.0,1118.0,1109.0,1111.0,11800
2024-07-24,1108.0,1109.0,1090.0,1090.0,23700
2024-07-25,1088.0,1089.0,1066.0,1072.0,48500
2024-07-26,1076.0,1082.0,1067.0,1074.0,16300
2024-07-29,1077.0,1087.0,1077.0,1081.0,16400
2024-07-30,1081.0,1086.0,1066.0,1070.0,71900
2024-07-31,1070.0,1100.0,1068.0,1093.0,20700
2024-08-01,1088.0,1088.0,1058.0,1060.0,26900
2024-08-02,1041.0,1044.0,1011.0,1011.0,58300
2024-08-05,981.0,981.0,885.0,885.0,97100
